[1;37;48;2;10;16;80m╭[0m[1;37;48;2;10;16;80m─[0m[1;37;48;2;10;16;80m─[0m[1;37;48;2;10;16;80m─[0m[1;37;48;2;10;16;80m─[0m[1;37;48;2;10;16;80m─[0m[1;37;48;2;10;16;80m─[0m[1;37;48;2;10;16;80m─[0m[1;37;48;2;10;16;80m─[0m[1;37;48;2;10;16;80m─[0m[1;37;48;2;10;16;80m─[0m[1;37;48;2;10;16;80m─[0m[1;37;48;2;10;16;80m─[0m[1;37;48;2;10;16;80m─[0m[1;37;48;2;10;16;80m─[0m[1;37;48;2;10;16;80m─[0m[1;37;48;2;10;16;80m─[0m[1;37;48;2;10;16;80m─[0m[1;37;48;2;10;16;80m─[0m[1;37;48;2;10;16;80m─[0m[1;37;48;2;10;16;80m─[0m[1;37;48;2;10;16;80m─[0m[1;37;48;2;10;16;80m─[0m[1;37;48;2;10;16;80m─[0m[1;37;48;2;10;16;80m╮[0m  [1;37;48;2;80;10;24m╭[0m[1;37;48;2;80;10;24m─[0m[1;37;48;2;80;10;24m─[0m[1;37;48;2;80;10;24m─[0m[1;37;48;2;80;10;24m─[0m[1;37;48;2;80;10;24m─[0m[1;37;48;2;80;10;24m─[0m[1;37;48;2;80;10;24m─[0m[1;37;48;2;80;10;24m─[0m[1;37;48;2;80;10;24m─[0m[1;37;48;2;80;10;24m─[0m[1;37;48;2;80;10;24m─[0m[1;37;48;2;80;10;24m─[0m[1;37;48;2;80;10;24m─[0m[1;37;48;2;80;10;24m─[0m[1;37;48;2;80;10;24m─[0m[1;37;48;2;80;10;24m─[0m[1;37;48;2;80;10;24m─[0m[1;37;48;2;80;10;24m─[0m[1;37;48;2;80;10;24m─[0m[1;37;48;2;80;10;24m╮[0m  [1;37;48;2;10;80;10m╭[0m[1;37;48;2;10;80;10m─[0m[1;37;48;2;10;80;10m─[0m[1;37;48;2;10;80;10m─[0m[1;37;48;2;10;80;10m─[0m[1;37;48;2;10;80;10m─[0m[1;37;48;2;10;80;10m─[0m[1;37;48;2;10;80;10m─[0m[1;37;48;2;10;80;10m─[0m[1;37;48;2;10;80;10m─[0m[1;37;48;2;10;80;10m─[0m[1;37;48;2;10;80;10m─[0m[1;37;48;2;10;80;10m─[0m[1;37;48;2;10;80;10m─[0m[1;37;48;2;10;80;10m─[0m[1;37;48;2;10;80;10m─[0m[1;37;48;2;10;80;10m─[0m[1;37;48;2;10;80;10m─[0m[1;37;48;2;10;80;10m─[0m[1;37;48;2;10;80;10m─[0m[1;37;48;2;10;80;10m╮[0m 
[1;37;48;2;10;16;80m│[0m[1;37;48;2;10;16;80m [0m[1;37;48;2;10;16;80m [0m[1;37;48;2;10;16;80m [0m[1;37;48;2;10;16;80m [0m[1;37;48;2;10;16;80m [0m[1;37;48;2;10;16;80m [0m[1;37;48;2;10;16;80m [0m[1;37;48;2;10;16;80m [0m[1;37;48;2;10;16;80m [0m[1;37;48;2;10;16;80mT[0m[1;37;48;2;10;16;80mo[0m[1;37;48;2;10;16;80md[0m[1;37;48;2;10;16;80mo[0m[1;37;48;2;10;16;80m [0m[1;37;48;2;10;16;80m [0m[1;37;48;2;10;16;80m [0m[1;37;48;2;10;16;80m [0m[1;37;48;2;10;16;80m [0m[1;37;48;2;10;16;80m [0m[1;37;48;2;10;16;80m [0m[1;37;48;2;10;16;80m [0m[1;37;48;2;10;16;80m [0m[1;37;48;2;10;16;80m [0m[1;37;48;2;10;16;80m│[0m  [1;37;48;2;80;10;24m│[0m[1;37;48;2;80;10;24m [0m[1;37;48;2;80;10;24m [0m[1;37;48;2;80;10;24m [0m[1;37;48;2;80;10;24m [0m[1;37;48;2;80;10;24mI[0m[1;37;48;2;80;10;24mn[0m[1;37;48;2;80;10;24m [0m[1;37;48;2;80;10;24mP[0m[1;37;48;2;80;10;24mr[0m[1;37;48;2;80;10;24mo[0m[1;37;48;2;80;10;24mg[0m[1;37;48;2;80;10;24mr[0m[1;37;48;2;80;10;24me[0m[1;37;48;2;80;10;24ms[0m[1;37;48;2;80;10;24ms[0m[1;37;48;2;80;10;24m [0m[1;37;48;2;80;10;24m [0m[1;37;48;2;80;10;24m [0m[1;37;48;2;80;10;24m [0m[1;37;48;2;80;10;24m│[0m  [1;37;48;2;10;80;10m│[0m[1;37;48;2;10;80;10m [0m[1;37;48;2;10;80;10m [0m[1;37;48;2;10;80;10m [0m[1;37;48;2;10;80;10m [0m[1;37;48;2;10;80;10m [0m[1;37;48;2;10;80;10m [0m[1;37;48;2;10;80;10m [0m[1;37;48;2;10;80;10mD[0m[1;37;48;2;10;80;10mo[0m[1;37;48;2;10;80;10mn[0m[1;37;48;2;10;80;10me[0m[1;37;48;2;10;80;10m [0m[1;37;48;2;10;80;10m [0m[1;37;48;2;10;80;10m [0m[1;37;48;2;10;80;10m [0m[1;37;48;2;10;80;10m [0m[1;37;48;2;10;80;10m [0m[1;37;48;2;10;80;10m [0m[1;37;48;2;10;80;10m [0m[1;37;48;2;10;80;10m│[0m 
[1;37;48;2;10;16;80m│[0m[1;37;48;2;10;16;80m─[0m[1;37;48;2;10;16;80m─[0m[1;37;48;2;10;16;80m─[0m[1;37;48;2;10;16;80m─[0m[1;37;48;2;10;16;80m─[0m[1;37;48;2;10;16;80m─[0m[1;37;48;2;10;16;80m─[0m[1;37;48;2;10;16;80m─[0m[1;37;48;2;10;16;80m─[0m[1;37;48;2;10;16;80m─[0m[1;37;48;2;10;16;80m─[0m[1;37;48;2;10;16;80m─[0m[1;37;48;2;10;16;80m─[0m[1;37;48;2;10;16;80m─[0m[1;37;48;2;10;16;80m─[0m[1;37;48;2;10;16;80m─[0m[1;37;48;2;10;16;80m─[0m[1;37;48;2;10;16;80m─[0m[1;37;48;2;10;16;80m─[0m[1;37;48;2;10;16;80m─[0m[1;37;48;2;10;16;80m─[0m[1;37;48;2;10;16;80m─[0m[1;37;48;2;10;16;80m─[0m[1;37;48;2;10;16;80m│[0m  [1;37;48;2;80;10;24m│[0m[1;37;48;2;80;10;24m─[0m[1;37;48;2;80;10;24m─[0m[1;37;48;2;80;10;24m─[0m[1;37;48;2;80;10;24m─[0m[1;37;48;2;80;10;24m─[0m[1;37;48;2;80;10;24m─[0m[1;37;48;2;80;10;24m─[0m[1;37;48;2;80;10;24m─[0m[1;37;48;2;80;10;24m─[0m[1;37;48;2;80;10;24m─[0m[1;37;48;2;80;10;24m─[0m[1;37;48;2;80;10;24m─[0m[1;37;48;2;80;10;24m─[0m[1;37;48;2;80;10;24m─[0m[1;37;48;2;80;10;24m─[0m[1;37;48;2;80;10;24m─[0m[1;37;48;2;80;10;24m─[0m[1;37;48;2;80;10;24m─[0m[1;37;48;2;80;10;24m─[0m[1;37;48;2;80;10;24m│[0m  [1;37;48;2;10;80;10m│[0m[1;37;48;2;10;80;10m─[0m[1;37;48;2;10;80;10m─[0m[1;37;48;2;10;80;10m─[0m[1;37;48;2;10;80;10m─[0m[1;37;48;2;10;80;10m─[0m[1;37;48;2;10;80;10m─[0m[1;37;48;2;10;80;10m─[0m[1;37;48;2;10;80;10m─[0m[1;37;48;2;10;80;10m─[0m[1;37;48;2;10;80;10m─[0m[1;37;48;2;10;80;10m─[0m[1;37;48;2;10;80;10m─[0m[1;37;48;2;10;80;10m─[0m[1;37;48;2;10;80;10m─[0m[1;37;48;2;10;80;10m─[0m[1;37;48;2;10;80;10m─[0m[1;37;48;2;10;80;10m─[0m[1;37;48;2;10;80;10m─[0m[1;37;48;2;10;80;10m─[0m[1;37;48;2;10;80;10m│[0m 
[1;37;48;2;10;16;80m│[0m[1;37;48;2;10;16;80m [0m[1;37;48;2;40;46;110m┌[0m[1;37;48;2;40;46;110m─[0m[1;37;48;2;40;46;110m─[0m[1;37;48;2;40;46;110m─[0m[1;37;48;2;40;46;110m─[0m[1;37;48;2;40;46;110m─[0m[1;37;48;2;40;46;110m─[0m[1;37;48;2;40;46;110m─[0m[1;37;48;2;40;46;110m─[0m[1;37;48;2;40;46;110m─[0m[1;37;48;2;40;46;110m─[0m[1;37;48;2;40;46;110m─[0m[1;37;48;2;40;46;110m─[0m[1;37;48;2;40;46;110m─[0m[1;37;48;2;40;46;110m─[0m[1;37;48;2;40;46;110m─[0m[1;37;48;2;40;46;110m─[0m[1;37;48;2;40;46;110m─[0m[1;37;48;2;40;46;110m─[0m[1;37;48;2;40;46;110m─[0m[1;37;48;2;40;46;110m┐[0m[1;37;48;2;10;16;80m [0m[1;37;48;2;10;16;80m│[0m  [1;37;48;2;80;10;24m│[0m[1;37;48;2;80;10;24m [0m[1;37;48;2;110;40;54m┌[0m[1;37;48;2;110;40;54m─[0m[1;37;48;2;110;40;54m─[0m[1;37;48;2;110;40;54m─[0m[1;37;48;2;110;40;54m─[0m[1;37;48;2;110;40;54m─[0m[1;37;48;2;110;40;54m─[0m[1;37;48;2;110;40;54m─[0m[1;37;48;2;110;40;54m─[0m[1;37;48;2;110;40;54m─[0m[1;37;48;2;110;40;54m─[0m[1;37;48;2;110;40;54m─[0m[1;37;48;2;110;40;54m─[0m[1;37;48;2;110;40;54m─[0m[1;37;48;2;110;40;54m─[0m[1;37;48;2;110;40;54m─[0m[1;37;48;2;110;40;54m┐[0m[1;37;48;2;80;10;24m [0m[1;37;48;2;80;10;24m│[0m  [1;37;48;2;10;80;10m│[0m[1;37;48;2;10;80;10m [0m[1;37;48;2;40;110;40m┌[0m[1;37;48;2;40;110;40m─[0m[1;37;48;2;40;110;40m─[0m[1;37;48;2;40;110;40m─[0m[1;37;48;2;40;110;40m─[0m[1;37;48;2;40;110;40m─[0m[1;37;48;2;40;110;40m─[0m[1;37;48;2;40;110;40m─[0m[1;37;48;2;40;110;40m─[0m[1;37;48;2;40;110;40m─[0m[1;37;48;2;40;110;40m─[0m[1;37;48;2;40;110;40m─[0m[1;37;48;2;40;110;40m─[0m[1;37;48;2;40;110;40m─[0m[1;37;48;2;40;110;40m─[0m[1;37;48;2;40;110;40m─[0m[1;37;48;2;40;110;40m┐[0m[1;37;48;2;10;80;10m [0m[1;37;48;2;10;80;10m│[0m 
[1;37;48;2;10;16;80m│[0m[1;37;48;2;10;16;80m [0m[1;37;48;2;40;46;110m│[0m[1;37;48;2;40;46;110mD[0m[1;37;48;2;40;46;110me[0m[1;37;48;2;40;46;110ms[0m[1;37;48;2;40;46;110mi[0m[1;37;48;2;40;46;110mg[0m[1;37;48;2;40;46;110mn[0m[1;37;48;2;40;46;110m [0m[1;37;48;2;40;46;110ml[0m[1;37;48;2;40;46;110ma[0m[1;37;48;2;40;46;110mn[0m[1;37;48;2;40;46;110md[0m[1;37;48;2;40;46;110mi[0m[1;37;48;2;40;46;110mn[0m[1;37;48;2;40;46;110mg[0m[1;37;48;2;40;46;110m [0m[1;37;48;2;40;46;110mp[0m[1;37;48;2;40;46;110ma[0m[1;37;48;2;40;46;110mg[0m[1;37;48;2;40;46;110me[0m[1;37;48;2;40;46;110m│[0m[1;37;48;2;10;16;80m [0m[1;37;48;2;10;16;80m│[0m  [1;37;48;2;80;10;24m│[0m[1;37;48;2;80;10;24m [0m[1;37;48;2;110;40;54m│[0m[1;37;48;2;110;40;54mB[0m[1;37;48;2;110;40;54mu[0m[1;37;48;2;110;40;54mi[0m[1;37;48;2;110;40;54ml[0m[1;37;48;2;110;40;54md[0m[1;37;48;2;110;40;54m [0m[1;37;48;2;110;40;54ma[0m[1;37;48;2;110;40;54mu[0m[1;37;48;2;110;40;54mt[0m[1;37;48;2;110;40;54mh[0m[1;37;48;2;110;40;54m [0m[1;37;48;2;110;40;54mf[0m[1;37;48;2;110;40;54ml[0m[1;37;48;2;110;40;54mo[0m[1;37;48;2;110;40;54mw[0m[1;37;48;2;110;40;54m│[0m[1;37;48;2;80;10;24m [0m[1;37;48;2;80;10;24m│[0m  [1;37;48;2;10;80;10m│[0m[1;37;48;2;10;80;10m [0m[1;37;48;2;40;110;40m│[0m[1;37;48;2;40;110;40mP[0m[1;37;48;2;40;110;40mr[0m[1;37;48;2;40;110;40mo[0m[1;37;48;2;40;110;40mj[0m[1;37;48;2;40;110;40me[0m[1;37;48;2;40;110;40mc[0m[1;37;48;2;40;110;40mt[0m[1;37;48;2;40;110;40m [0m[1;37;48;2;40;110;40ms[0m[1;37;48;2;40;110;40me[0m[1;37;48;2;40;110;40mt[0m[1;37;48;2;40;110;40mu[0m[1;37;48;2;40;110;40mp[0m[1;37;48;2;40;110;40m [0m[1;37;48;2;40;110;40m [0m[1;37;48;2;40;110;40m│[0m[1;37;48;2;10;80;10m [0m[1;37;48;2;10;80;10m│[0m 
[1;37;48;2;10;16;80m│[0m[1;37;48;2;10;16;80m [0m[1;37;48;2;40;46;110m└[0m[1;37;48;2;40;46;110m─[0m[1;37;48;2;40;46;110m─[0m[1;37;48;2;40;46;110m─[0m[1;37;48;2;40;46;110m─[0m[1;37;48;2;40;46;110m─[0m[1;37;48;2;40;46;110m─[0m[1;37;48;2;40;46;110m─[0m[1;37;48;2;40;46;110m─[0m[1;37;48;2;40;46;110m─[0m[1;37;48;2;40;46;110m─[0m[1;37;48;2;40;46;110m─[0m[1;37;48;2;40;46;110m─[0m[1;37;48;2;40;46;110m─[0m[1;37;48;2;40;46;110m─[0m[1;37;48;2;40;46;110m─[0m[1;37;48;2;40;46;110m─[0m[1;37;48;2;40;46;110m─[0m[1;37;48;2;40;46;110m─[0m[1;37;48;2;40;46;110m─[0m[1;37;48;2;40;46;110m┘[0m[1;37;48;2;10;16;80m [0m[1;37;48;2;10;16;80m│[0m  [1;37;48;2;80;10;24m│[0m[1;37;48;2;80;10;24m [0m[1;37;48;2;110;40;54m└[0m[1;37;48;2;110;40;54m─[0m[1;37;48;2;110;40;54m─[0m[1;37;48;2;110;40;54m─[0m[1;37;48;2;110;40;54m─[0m[1;37;48;2;110;40;54m─[0m[1;37;48;2;110;40;54m─[0m[1;37;48;2;110;40;54m─[0m[1;37;48;2;110;40;54m─[0m[1;37;48;2;110;40;54m─[0m[1;37;48;2;110;40;54m─[0m[1;37;48;2;110;40;54m─[0m[1;37;48;2;110;40;54m─[0m[1;37;48;2;110;40;54m─[0m[1;37;48;2;110;40;54m─[0m[1;37;48;2;110;40;54m─[0m[1;37;48;2;110;40;54m┘[0m[1;37;48;2;80;10;24m [0m[1;37;48;2;80;10;24m│[0m  [1;37;48;2;10;80;10m│[0m[1;37;48;2;10;80;10m [0m[1;37;48;2;40;110;40m└[0m[1;37;48;2;40;110;40m─[0m[1;37;48;2;40;110;40m─[0m[1;37;48;2;40;110;40m─[0m[1;37;48;2;40;110;40m─[0m[1;37;48;2;40;110;40m─[0m[1;37;48;2;40;110;40m─[0m[1;37;48;2;40;110;40m─[0m[1;37;48;2;40;110;40m─[0m[1;37;48;2;40;110;40m─[0m[1;37;48;2;40;110;40m─[0m[1;37;48;2;40;110;40m─[0m[1;37;48;2;40;110;40m─[0m[1;37;48;2;40;110;40m─[0m[1;37;48;2;40;110;40m─[0m[1;37;48;2;40;110;40m─[0m[1;37;48;2;40;110;40m┘[0m[1;37;48;2;10;80;10m [0m[1;37;48;2;10;80;10m│[0m 
[1;37;48;2;10;16;80m│[0m[1;37;48;2;10;16;80m [0m[1;37;48;2;10;16;80m [0m[1;37;48;2;10;16;80m [0m[1;37;48;2;10;16;80m [0m[1;37;48;2;10;16;80m [0m[1;37;48;2;10;16;80m [0m[1;37;48;2;10;16;80m [0m[1;37;48;2;10;16;80m [0m[1;37;48;2;10;16;80m [0m[1;37;48;2;10;16;80m [0m[1;37;48;2;10;16;80m [0m[1;37;48;2;10;16;80m [0m[1;37;48;2;10;16;80m [0m[1;37;48;2;10;16;80m [0m[1;37;48;2;10;16;80m [0m[1;37;48;2;10;16;80m [0m[1;37;48;2;10;16;80m [0m[1;37;48;2;10;16;80m [0m[1;37;48;2;10;16;80m [0m[1;37;48;2;10;16;80m [0m[1;37;48;2;10;16;80m [0m[1;37;48;2;10;16;80m [0m[1;37;48;2;10;16;80m [0m[1;37;48;2;10;16;80m│[0m  [1;37;48;2;80;10;24m│[0m[1;37;48;2;80;10;24m [0m[1;37;48;2;80;10;24m [0m[1;37;48;2;80;10;24m [0m[1;37;48;2;80;10;24m [0m[1;37;48;2;80;10;24m [0m[1;37;48;2;80;10;24m [0m[1;37;48;2;80;10;24m [0m[1;37;48;2;80;10;24m [0m[1;37;48;2;80;10;24m [0m[1;37;48;2;80;10;24m [0m[1;37;48;2;80;10;24m [0m[1;37;48;2;80;10;24m [0m[1;37;48;2;80;10;24m [0m[1;37;48;2;80;10;24m [0m[1;37;48;2;80;10;24m [0m[1;37;48;2;80;10;24m [0m[1;37;48;2;80;10;24m [0m[1;37;48;2;80;10;24m [0m[1;37;48;2;80;10;24m [0m[1;37;48;2;80;10;24m│[0m  [1;37;48;2;10;80;10m│[0m[1;37;48;2;10;80;10m [0m[1;37;48;2;10;80;10m [0m[1;37;48;2;10;80;10m [0m[1;37;48;2;10;80;10m [0m[1;37;48;2;10;80;10m [0m[1;37;48;2;10;80;10m [0m[1;37;48;2;10;80;10m [0m[1;37;48;2;10;80;10m [0m[1;37;48;2;10;80;10m [0m[1;37;48;2;10;80;10m [0m[1;37;48;2;10;80;10m [0m[1;37;48;2;10;80;10m [0m[1;37;48;2;10;80;10m [0m[1;37;48;2;10;80;10m [0m[1;37;48;2;10;80;10m [0m[1;37;48;2;10;80;10m [0m[1;37;48;2;10;80;10m [0m[1;37;48;2;10;80;10m [0m[1;37;48;2;10;80;10m [0m[1;37;48;2;10;80;10m│[0m 
[1;37;48;2;10;16;80m│[0m[1;37;48;2;10;16;80m [0m[1;37;48;2;40;46;110m┌[0m[1;37;48;2;40;46;110m─[0m[1;37;48;2;40;46;110m─[0m[1;37;48;2;40;46;110m─[0m[1;37;48;2;40;46;110m─[0m[1;37;48;2;40;46;110m─[0m[1;37;48;2;40;46;110m─[0m[1;37;48;2;40;46;110m─[0m[1;37;48;2;40;46;110m─[0m[1;37;48;2;40;46;110m─[0m[1;37;48;2;40;46;110m─[0m[1;37;48;2;40;46;110m─[0m[1;37;48;2;40;46;110m─[0m[1;37;48;2;40;46;110m─[0m[1;37;48;2;40;46;110m─[0m[1;37;48;2;40;46;110m─[0m[1;37;48;2;40;46;110m─[0m[1;37;48;2;40;46;110m─[0m[1;37;48;2;40;46;110m─[0m[1;37;48;2;40;46;110m─[0m[1;37;48;2;40;46;110m┐[0m[1;37;48;2;10;16;80m [0m[1;37;48;2;10;16;80m│[0m  [1;37;48;2;80;10;24m│[0m[1;37;48;2;80;10;24m [0m[1;37;48;2;110;40;54m┌[0m[1;37;48;2;110;40;54m─[0m[1;37;48;2;110;40;54m─[0m[1;37;48;2;110;40;54m─[0m[1;37;48;2;110;40;54m─[0m[1;37;48;2;110;40;54m─[0m[1;37;48;2;110;40;54m─[0m[1;37;48;2;110;40;54m─[0m[1;37;48;2;110;40;54m─[0m[1;37;48;2;110;40;54m─[0m[1;37;48;2;110;40;54m─[0m[1;37;48;2;110;40;54m─[0m[1;37;48;2;110;40;54m─[0m[1;37;48;2;110;40;54m─[0m[1;37;48;2;110;40;54m─[0m[1;37;48;2;110;40;54m─[0m[1;37;48;2;110;40;54m┐[0m[1;37;48;2;80;10;24m [0m[1;37;48;2;80;10;24m│[0m  [1;37;48;2;10;80;10m│[0m[1;37;48;2;10;80;10m [0m[1;37;48;2;40;110;40m┌[0m[1;37;48;2;40;110;40m─[0m[1;37;48;2;40;110;40m─[0m[1;37;48;2;40;110;40m─[0m[1;37;48;2;40;110;40m─[0m[1;37;48;2;40;110;40m─[0m[1;37;48;2;40;110;40m─[0m[1;37;48;2;40;110;40m─[0m[1;37;48;2;40;110;40m─[0m[1;37;48;2;40;110;40m─[0m[1;37;48;2;40;110;40m─[0m[1;37;48;2;40;110;40m─[0m[1;37;48;2;40;110;40m─[0m[1;37;48;2;40;110;40m─[0m[1;37;48;2;40;110;40m─[0m[1;37;48;2;40;110;40m─[0m[1;37;48;2;40;110;40m┐[0m[1;37;48;2;10;80;10m [0m[1;37;48;2;10;80;10m│[0m 
[1;37;48;2;10;16;80m│[0m[1;37;48;2;10;16;80m [0m[1;37;48;2;40;46;110m│[0m[1;37;48;2;40;46;110mW[0m[1;37;48;2;40;46;110mr[0m[1;37;48;2;40;46;110mi[0m[1;37;48;2;40;46;110mt[0m[1;37;48;2;40;46;110me[0m[1;37;48;2;40;46;110m [0m[1;37;48;2;40;46;110mA[0m[1;37;48;2;40;46;110mP[0m[1;37;48;2;40;46;110mI[0m[1;37;48;2;40;46;110m [0m[1;37;48;2;40;46;110md[0m[1;37;48;2;40;46;110mo[0m[1;37;48;2;40;46;110mc[0m[1;37;48;2;40;46;110ms[0m[1;37;48;2;40;46;110m [0m[1;37;48;2;40;46;110m [0m[1;37;48;2;40;46;110m [0m[1;37;48;2;40;46;110m [0m[1;37;48;2;40;46;110m [0m[1;37;48;2;40;46;110m│[0m[1;37;48;2;10;16;80m [0m[1;37;48;2;10;16;80m│[0m  [1;37;48;2;80;10;24m│[0m[1;37;48;2;80;10;24m [0m[1;37;48;2;110;40;54m│[0m[1;37;48;2;110;40;54mS[0m[1;37;48;2;110;40;54me[0m[1;37;48;2;110;40;54mt[0m[1;37;48;2;110;40;54mu[0m[1;37;48;2;110;40;54mp[0m[1;37;48;2;110;40;54m [0m[1;37;48;2;110;40;54mC[0m[1;37;48;2;110;40;54mI[0m[1;37;48;2;110;40;54m/[0m[1;37;48;2;110;40;54mC[0m[1;37;48;2;110;40;54mD[0m[1;37;48;2;110;40;54m [0m[1;37;48;2;110;40;54m [0m[1;37;48;2;110;40;54m [0m[1;37;48;2;110;40;54m [0m[1;37;48;2;110;40;54m│[0m[1;37;48;2;80;10;24m [0m[1;37;48;2;80;10;24m│[0m  [1;37;48;2;10;80;10m│[0m[1;37;48;2;10;80;10m [0m[1;37;48;2;40;110;40m│[0m[1;37;48;2;40;110;40mD[0m[1;37;48;2;40;110;40ma[0m[1;37;48;2;40;110;40mt[0m[1;37;48;2;40;110;40ma[0m[1;37;48;2;40;110;40mb[0m[1;37;48;2;40;110;40ma[0m[1;37;48;2;40;110;40ms[0m[1;37;48;2;40;110;40me[0m[1;37;48;2;40;110;40m [0m[1;37;48;2;40;110;40ms[0m[1;37;48;2;40;110;40mc[0m[1;37;48;2;40;110;40mh[0m[1;37;48;2;40;110;40me[0m[1;37;48;2;40;110;40mm[0m[1;37;48;2;40;110;40ma[0m[1;37;48;2;40;110;40m│[0m[1;37;48;2;10;80;10m [0m[1;37;48;2;10;80;10m│[0m 
[1;37;48;2;10;16;80m│[0m[1;37;48;2;10;16;80m [0m[1;37;48;2;40;46;110m└[0m[1;37;48;2;40;46;110m─[0m[1;37;48;2;40;46;110m─[0m[1;37;48;2;40;46;110m─[0m[1;37;48;2;40;46;110m─[0m[1;37;48;2;40;46;110m─[0m[1;37;48;2;40;46;110m─[0m[1;37;48;2;40;46;110m─[0m[1;37;48;2;40;46;110m─[0m[1;37;48;2;40;46;110m─[0m[1;37;48;2;40;46;110m─[0m[1;37;48;2;40;46;110m─[0m[1;37;48;2;40;46;110m─[0m[1;37;48;2;40;46;110m─[0m[1;37;48;2;40;46;110m─[0m[1;37;48;2;40;46;110m─[0m[1;37;48;2;40;46;110m─[0m[1;37;48;2;40;46;110m─[0m[1;37;48;2;40;46;110m─[0m[1;37;48;2;40;46;110m─[0m[1;37;48;2;40;46;110m┘[0m[1;37;48;2;10;16;80m [0m[1;37;48;2;10;16;80m│[0m  [1;37;48;2;80;10;24m│[0m[1;37;48;2;80;10;24m [0m[1;37;48;2;110;40;54m└[0m[1;37;48;2;110;40;54m─[0m[1;37;48;2;110;40;54m─[0m[1;37;48;2;110;40;54m─[0m[1;37;48;2;110;40;54m─[0m[1;37;48;2;110;40;54m─[0m[1;37;48;2;110;40;54m─[0m[1;37;48;2;110;40;54m─[0m[1;37;48;2;110;40;54m─[0m[1;37;48;2;110;40;54m─[0m[1;37;48;2;110;40;54m─[0m[1;37;48;2;110;40;54m─[0m[1;37;48;2;110;40;54m─[0m[1;37;48;2;110;40;54m─[0m[1;37;48;2;110;40;54m─[0m[1;37;48;2;110;40;54m─[0m[1;37;48;2;110;40;54m┘[0m[1;37;48;2;80;10;24m [0m[1;37;48;2;80;10;24m│[0m  [1;37;48;2;10;80;10m│[0m[1;37;48;2;10;80;10m [0m[1;37;48;2;40;110;40m└[0m[1;37;48;2;40;110;40m─[0m[1;37;48;2;40;110;40m─[0m[1;37;48;2;40;110;40m─[0m[1;37;48;2;40;110;40m─[0m[1;37;48;2;40;110;40m─[0m[1;37;48;2;40;110;40m─[0m[1;37;48;2;40;110;40m─[0m[1;37;48;2;40;110;40m─[0m[1;37;48;2;40;110;40m─[0m[1;37;48;2;40;110;40m─[0m[1;37;48;2;40;110;40m─[0m[1;37;48;2;40;110;40m─[0m[1;37;48;2;40;110;40m─[0m[1;37;48;2;40;110;40m─[0m[1;37;48;2;40;110;40m─[0m[1;37;48;2;40;110;40m┘[0m[1;37;48;2;10;80;10m [0m[1;37;48;2;10;80;10m│[0m 
[1;37;48;2;10;16;80m╰[0m[1;37;48;2;10;16;80m─[0m[1;37;48;2;10;16;80m─[0m[1;37;48;2;10;16;80m─[0m[1;37;48;2;10;16;80m─[0m[1;37;48;2;10;16;80m─[0m[1;37;48;2;10;16;80m─[0m[1;37;48;2;10;16;80m─[0m[1;37;48;2;10;16;80m─[0m[1;37;48;2;10;16;80m─[0m[1;37;48;2;10;16;80m─[0m[1;37;48;2;10;16;80m─[0m[1;37;48;2;10;16;80m─[0m[1;37;48;2;10;16;80m─[0m[1;37;48;2;10;16;80m─[0m[1;37;48;2;10;16;80m─[0m[1;37;48;2;10;16;80m─[0m[1;37;48;2;10;16;80m─[0m[1;37;48;2;10;16;80m─[0m[1;37;48;2;10;16;80m─[0m[1;37;48;2;10;16;80m─[0m[1;37;48;2;10;16;80m─[0m[1;37;48;2;10;16;80m─[0m[1;37;48;2;10;16;80m─[0m[1;37;48;2;10;16;80m╯[0m  [1;37;48;2;80;10;24m╰[0m[1;37;48;2;80;10;24m─[0m[1;37;48;2;80;10;24m─[0m[1;37;48;2;80;10;24m─[0m[1;37;48;2;80;10;24m─[0m[1;37;48;2;80;10;24m─[0m[1;37;48;2;80;10;24m─[0m[1;37;48;2;80;10;24m─[0m[1;37;48;2;80;10;24m─[0m[1;37;48;2;80;10;24m─[0m[1;37;48;2;80;10;24m─[0m[1;37;48;2;80;10;24m─[0m[1;37;48;2;80;10;24m─[0m[1;37;48;2;80;10;24m─[0m[1;37;48;2;80;10;24m─[0m[1;37;48;2;80;10;24m─[0m[1;37;48;2;80;10;24m─[0m[1;37;48;2;80;10;24m─[0m[1;37;48;2;80;10;24m─[0m[1;37;48;2;80;10;24m─[0m[1;37;48;2;80;10;24m╯[0m  [1;37;48;2;10;80;10m╰[0m[1;37;48;2;10;80;10m─[0m[1;37;48;2;10;80;10m─[0m[1;37;48;2;10;80;10m─[0m[1;37;48;2;10;80;10m─[0m[1;37;48;2;10;80;10m─[0m[1;37;48;2;10;80;10m─[0m[1;37;48;2;10;80;10m─[0m[1;37;48;2;10;80;10m─[0m[1;37;48;2;10;80;10m─[0m[1;37;48;2;10;80;10m─[0m[1;37;48;2;10;80;10m─[0m[1;37;48;2;10;80;10m─[0m[1;37;48;2;10;80;10m─[0m[1;37;48;2;10;80;10m─[0m[1;37;48;2;10;80;10m─[0m[1;37;48;2;10;80;10m─[0m[1;37;48;2;10;80;10m─[0m[1;37;48;2;10;80;10m─[0m[1;37;48;2;10;80;10m─[0m[1;37;48;2;10;80;10m╯[0m 
