  [1;37mN[0m[1;37me[0m[1;37mw[0m [1;37mH[0m[1;37mi[0m[1;37mr[0m[1;37me[0m [1;37mO[0m[1;37mn[0m[1;37mb[0m[1;37mo[0m[1;37ma[0m[1;37mr[0m[1;37md[0m[1;37mi[0m[1;37mn[0m[1;37mg[0m

  [1;38;2;30;48;240m●[0m [1;38;2;30;48;240mE[0m[1;38;2;30;48;240mm[0m[1;38;2;30;48;240mp[0m[1;38;2;30;48;240ml[0m[1;38;2;30;48;240mo[0m[1;38;2;30;48;240my[0m[1;38;2;30;48;240me[0m[1;38;2;30;48;240me[0m
  [1;38;2;240;30;72m◆[0m [1;38;2;240;30;72mM[0m[1;38;2;240;30;72ma[0m[1;38;2;240;30;72mn[0m[1;38;2;240;30;72ma[0m[1;38;2;240;30;72mg[0m[1;38;2;240;30;72me[0m[1;38;2;240;30;72mr[0m
  [1;38;2;30;240;30m■[0m [1;38;2;30;240;30mM[0m[1;38;2;30;240;30me[0m[1;38;2;30;240;30mn[0m[1;38;2;30;240;30mt[0m[1;38;2;30;240;30mo[0m[1;38;2;30;240;30mr[0m
  [1;38;2;240;192;30m▲[0m [1;38;2;240;192;30mT[0m[1;38;2;240;192;30me[0m[1;38;2;240;192;30ma[0m[1;38;2;240;192;30mm[0m

  [1;37;48;2;10;16;80m╭[0m[1;37;48;2;10;16;80m─[0m[1;37;48;2;10;16;80m─[0m[1;37;48;2;10;16;80m─[0m[1;37;48;2;10;16;80m─[0m[1;37;48;2;10;16;80m─[0m[1;37;48;2;10;16;80m─[0m[1;37;48;2;10;16;80m─[0m[1;37;48;2;10;16;80m─[0m[1;37;48;2;10;16;80m─[0m[1;37;48;2;10;16;80m─[0m[1;37;48;2;10;16;80m─[0m[1;37;48;2;10;16;80m─[0m[1;37;48;2;10;16;80m─[0m[1;37;48;2;10;16;80m─[0m[1;37;48;2;10;16;80m─[0m[1;37;48;2;10;16;80m─[0m[1;37;48;2;10;16;80m─[0m[1;37;48;2;10;16;80m [0m[1;37;48;2;10;16;80mD[0m[1;37;48;2;10;16;80ma[0m[1;37;48;2;10;16;80my[0m[1;37;48;2;10;16;80m [0m[1;37;48;2;10;16;80m1[0m[1;37;48;2;10;16;80m [0m[1;37;48;2;10;16;80m─[0m[1;37;48;2;10;16;80m─[0m[1;37;48;2;10;16;80m─[0m[1;37;48;2;10;16;80m─[0m[1;37;48;2;10;16;80m─[0m[1;37;48;2;10;16;80m─[0m[1;37;48;2;10;16;80m─[0m[1;37;48;2;10;16;80m─[0m[1;37;48;2;10;16;80m─[0m[1;37;48;2;10;16;80m─[0m[1;37;48;2;10;16;80m─[0m[1;37;48;2;10;16;80m─[0m[1;37;48;2;10;16;80m─[0m[1;37;48;2;10;16;80m─[0m[1;37;48;2;10;16;80m─[0m[1;37;48;2;10;16;80m─[0m[1;37;48;2;10;16;80m─[0m[1;37;48;2;10;16;80m─[0m[1;37;48;2;10;16;80m─[0m[1;37;48;2;10;16;80m╮[0m   [1;37;48;2;80;10;24m╭[0m[1;37;48;2;80;10;24m─[0m[1;37;48;2;80;10;24m─[0m[1;37;48;2;80;10;24m─[0m[1;37;48;2;80;10;24m─[0m[1;37;48;2;80;10;24m─[0m[1;37;48;2;80;10;24m─[0m[1;37;48;2;80;10;24m─[0m[1;37;48;2;80;10;24m─[0m[1;37;48;2;80;10;24m─[0m[1;37;48;2;80;10;24m─[0m[1;37;48;2;80;10;24m─[0m[1;37;48;2;80;10;24m─[0m[1;37;48;2;80;10;24m─[0m[1;37;48;2;80;10;24m [0m[1;37;48;2;80;10;24mW[0m[1;37;48;2;80;10;24me[0m[1;37;48;2;80;10;24me[0m[1;37;48;2;80;10;24mk[0m[1;37;48;2;80;10;24m [0m[1;37;48;2;80;10;24m1[0m[1;37;48;2;80;10;24m [0m
[1;37;48;2;80;10;24m─[0m[1;37;48;2;80;10;24m─[0m[1;37;48;2;80;10;24m─[0m[1;37;48;2;80;10;24m─[0m[1;37;48;2;80;10;24m─[0m[1;37;48;2;80;10;24m─[0m[1;37;48;2;80;10;24m─[0m[1;37;48;2;80;10;24m─[0m[1;37;48;2;80;10;24m─[0m[1;37;48;2;80;10;24m─[0m[1;37;48;2;80;10;24m─[0m[1;37;48;2;80;10;24m─[0m[1;37;48;2;80;10;24m─[0m[1;37;48;2;80;10;24m─[0m[1;37;48;2;80;10;24m─[0m[1;37;48;2;80;10;24m╮[0m     

  [1;37;48;2;10;16;80m╭[0m[1;38;2;30;48;240m●[0m[1;37;48;2;10;16;80m─[0m[1;37;48;2;10;16;80m─[0m[1;37;48;2;10;16;80m─[0m[1;37;48;2;10;16;80m─[0m[1;37;48;2;10;16;80m─[0m[1;37;48;2;10;16;80m─[0m[1;37;48;2;10;16;80m─[0m[1;37;48;2;10;16;80m─[0m[1;37;48;2;10;16;80m─[0m[1;37;48;2;10;16;80m─[0m[1;37;48;2;10;16;80m─[0m[1;37;48;2;10;16;80m─[0m[1;37;48;2;10;16;80m─[0m[1;37;48;2;10;16;80m╮[0m [1;37;48;2;10;16;80m╭[0m[1;38;2;30;48;240m●[0m[1;38;2;240;30;72m◆[0m[1;37;48;2;10;16;80m─[0m[1;37;48;2;10;16;80m─[0m[1;37;48;2;10;16;80m─[0m[1;37;48;2;10;16;80m─[0m[1;37;48;2;10;16;80m─[0m[1;37;48;2;10;16;80m─[0m[1;37;48;2;10;16;80m─[0m[1;37;48;2;10;16;80m─[0m[1;37;48;2;10;16;80m─[0m[1;37;48;2;10;16;80m╮[0m [1;37;48;2;10;16;80m╭[0m[1;38;2;30;48;240m●[0m[1;37;48;2;10;16;80m─[0m[1;37;48;2;10;16;80m─[0m[1;37;48;2;10;16;80m─[0m[1;37;48;2;10;16;80m─[0m[1;37;48;2;10;16;80m─[0m[1;37;48;2;10;16;80m─[0m[1;37;48;2;10;16;80m─[0m[1;37;48;2;10;16;80m─[0m[1;37;48;2;10;16;80m─[0m[1;37;48;2;10;16;80m─[0m[1;37;48;2;10;16;80m╮[0m    [1;37;48;2;80;10;24m╭[0m[1;38;2;30;48;240m●[0m[1;37;48;2;80;10;24m─[0m[1;37;48;2;80;10;24m─[0m[1;37;48;2;80;10;24m─[0m[1;37;48;2;80;10;24m─[0m[1;37;48;2;80;10;24m─[0m[1;37;48;2;80;10;24m─[0m[1;37;48;2;80;10;24m─[0m[1;37;48;2;80;10;24m─[0m[1;37;48;2;80;10;24m─[0m[1;37;48;2;80;10;24m╮[0m [1;37;48;2;80;10;24m╭[0m[1;38;2;30;48;240m●[0m[1;38;2;30;240;30m■[0m[1;37;48;2;80;10;24m─[0m[1;37;48;2;80;10;24m─[0m[1;37;48;2;80;10;24m─[0m[1;37;48;2;80;10;24m─[0m[1;37;48;2;80;10;24m─[0m[1;37;48;2;80;10;24m─[0m[1;37;48;2;80;10;24m─[0m[1;37;48;2;80;10;24m─[0m[1;37;48;2;80;10;24m─[0m[1;37;48;2;80;10;24m─[0m[1;37;48;2;80;10;24m─[0m[1;37;48;2;80;10;24m╮[0m 
[1;37;48;2;80;10;24m╭[0m[1;38;2;30;48;240m●[0m[1;38;2;240;192;30m▲[0m[1;37;48;2;80;10;24m─[0m[1;37;48;2;80;10;24m─[0m[1;37;48;2;80;10;24m─[0m[1;37;48;2;80;10;24m─[0m[1;37;48;2;80;10;24m╮[0m      
 [2;36m─[0m[1;37;48;2;10;16;80m│[0m [1;37;48;2;10;16;80mS[0m[1;37;48;2;10;16;80me[0m[1;37;48;2;10;16;80mt[0m[1;37;48;2;10;16;80mu[0m[1;37;48;2;10;16;80mp[0m [1;37;48;2;10;16;80ml[0m[1;37;48;2;10;16;80ma[0m[1;37;48;2;10;16;80mp[0m[1;37;48;2;10;16;80mt[0m[1;37;48;2;10;16;80mo[0m[1;37;48;2;10;16;80mp[0m [1;37;48;2;10;16;80m│[0m[2;36m─[0m[1;37;48;2;10;16;80m│[0m [1;37;48;2;10;16;80mM[0m[1;37;48;2;10;16;80me[0m[1;37;48;2;10;16;80me[0m[1;37;48;2;10;16;80mt[0m [1;37;48;2;10;16;80mt[0m[1;37;48;2;10;16;80me[0m[1;37;48;2;10;16;80ma[0m[1;37;48;2;10;16;80mm[0m [1;37;48;2;10;16;80m│[0m[2;36m─[0m[1;37;48;2;10;16;80m│[0m [1;37;48;2;10;16;80mR[0m[1;37;48;2;10;16;80me[0m[1;37;48;2;10;16;80ma[0m[1;37;48;2;10;16;80md[0m [1;37;48;2;10;16;80md[0m[1;37;48;2;10;16;80mo[0m[1;37;48;2;10;16;80mc[0m[1;37;48;2;10;16;80ms[0m [1;37;48;2;10;16;80m│[0m[2;36m─[0m[2;36m─[0m[2;36m─[0m[2;36m─[0m[1;37;48;2;80;10;24m│[0m [1;37;48;2;80;10;24mF[0m[1;37;48;2;80;10;24mi[0m[1;37;48;2;80;10;24mr[0m[1;37;48;2;80;10;24ms[0m[1;37;48;2;80;10;24mt[0m [1;37;48;2;80;10;24mP[0m[1;37;48;2;80;10;24mR[0m [1;37;48;2;80;10;24m│[0m[2;36m─[0m[1;37;48;2;80;10;24m│[0m [1;37;48;2;80;10;24mC[0m[1;37;48;2;80;10;24mo[0m[1;37;48;2;80;10;24md[0m[1;37;48;2;80;10;24me[0m [1;37;48;2;80;10;24mr[0m[1;37;48;2;80;10;24me[0m[1;37;48;2;80;10;24mv[0m[1;37;48;2;80;10;24mi[0m[1;37;48;2;80;10;24me[0m[1;37;48;2;80;10;24mw[0m [1;37;48;2;80;10;24m│[0m[2;36m─[0m[1;37;48;2;80;10;24m│[0m
[1;37;48;2;80;10;24mD[0m[1;37;48;2;80;10;24me[0m[1;37;48;2;80;10;24mm[0m[1;37;48;2;80;10;24mo[0m [1;37;48;2;80;10;24m│[0m[2;36m─[0m[2;36m─[0m[2;36m─[0m[2;36m─[0m[2;36m►[0m 
  [1;37;48;2;10;16;80m╰[0m[1;37;48;2;10;16;80m─[0m[1;37;48;2;10;16;80m─[0m[1;37;48;2;10;16;80m─[0m[1;37;48;2;10;16;80m─[0m[1;37;48;2;10;16;80m─[0m[1;37;48;2;10;16;80m─[0m[1;37;48;2;10;16;80m─[0m[1;37;48;2;10;16;80m─[0m[1;37;48;2;10;16;80m─[0m[1;37;48;2;10;16;80m─[0m[1;37;48;2;10;16;80m─[0m[1;37;48;2;10;16;80m─[0m[1;37;48;2;10;16;80m─[0m[1;37;48;2;10;16;80m─[0m[1;37;48;2;10;16;80m╯[0m [1;37;48;2;10;16;80m╰[0m[1;37;48;2;10;16;80m─[0m[1;37;48;2;10;16;80m─[0m[1;37;48;2;10;16;80m─[0m[1;37;48;2;10;16;80m─[0m[1;37;48;2;10;16;80m─[0m[1;37;48;2;10;16;80m─[0m[1;37;48;2;10;16;80m─[0m[1;37;48;2;10;16;80m─[0m[1;37;48;2;10;16;80m─[0m[1;37;48;2;10;16;80m─[0m[1;37;48;2;10;16;80m─[0m[1;37;48;2;10;16;80m╯[0m [1;37;48;2;10;16;80m╰[0m[1;37;48;2;10;16;80m─[0m[1;37;48;2;10;16;80m─[0m[1;37;48;2;10;16;80m─[0m[1;37;48;2;10;16;80m─[0m[1;37;48;2;10;16;80m─[0m[1;37;48;2;10;16;80m─[0m[1;37;48;2;10;16;80m─[0m[1;37;48;2;10;16;80m─[0m[1;37;48;2;10;16;80m─[0m[1;37;48;2;10;16;80m─[0m[1;37;48;2;10;16;80m─[0m[1;37;48;2;10;16;80m╯[0m    [1;37;48;2;80;10;24m╰[0m[1;37;48;2;80;10;24m─[0m[1;37;48;2;80;10;24m─[0m[1;37;48;2;80;10;24m─[0m[1;37;48;2;80;10;24m─[0m[1;37;48;2;80;10;24m─[0m[1;37;48;2;80;10;24m─[0m[1;37;48;2;80;10;24m─[0m[1;37;48;2;80;10;24m─[0m[1;37;48;2;80;10;24m─[0m[1;37;48;2;80;10;24m─[0m[1;37;48;2;80;10;24m╯[0m [1;37;48;2;80;10;24m╰[0m[1;37;48;2;80;10;24m─[0m[1;37;48;2;80;10;24m─[0m[1;37;48;2;80;10;24m─[0m[1;37;48;2;80;10;24m─[0m[1;37;48;2;80;10;24m─[0m[1;37;48;2;80;10;24m─[0m[1;37;48;2;80;10;24m─[0m[1;37;48;2;80;10;24m─[0m[1;37;48;2;80;10;24m─[0m[1;37;48;2;80;10;24m─[0m[1;37;48;2;80;10;24m─[0m[1;37;48;2;80;10;24m─[0m[1;37;48;2;80;10;24m─[0m[1;37;48;2;80;10;24m╯[0m 
[1;37;48;2;80;10;24m╰[0m[1;37;48;2;80;10;24m─[0m[1;37;48;2;80;10;24m─[0m[1;37;48;2;80;10;24m─[0m[1;37;48;2;80;10;24m─[0m[1;37;48;2;80;10;24m─[0m[1;37;48;2;80;10;24m─[0m[1;37;48;2;80;10;24m╯[0m      
         [3;36m😐[0m[3;36m [0m            😄[3;36m [0m[3;36m [0m          😟 [3;36m [0m[3;36m [0m            😊  [3;36m [0m[3;36m [0m        😊   [3;36m [0m[3;36m [0m    
😄
