  [1;37mM[0m[1;37my[0m [1;37mw[0m[1;37mo[0m[1;37mr[0m[1;37mk[0m[1;37mi[0m[1;37mn[0m[1;37mg[0m [1;37md[0m[1;37ma[0m[1;37my[0m

  [1;38;2;30;48;240m●[0m [1;38;2;30;48;240mC[0m[1;38;2;30;48;240ma[0m[1;38;2;30;48;240mt[0m
  [1;38;2;240;30;72m◆[0m [1;38;2;240;30;72mM[0m[1;38;2;240;30;72me[0m

  [1;37;48;2;10;16;80m╭[0m[1;37;48;2;10;16;80m─[0m[1;37;48;2;10;16;80m─[0m[1;37;48;2;10;16;80m─[0m[1;37;48;2;10;16;80m─[0m[1;37;48;2;10;16;80m─[0m[1;37;48;2;10;16;80m─[0m[1;37;48;2;10;16;80m─[0m[1;37;48;2;10;16;80m─[0m[1;37;48;2;10;16;80m─[0m[1;37;48;2;10;16;80m─[0m[1;37;48;2;10;16;80m─[0m[1;37;48;2;10;16;80m─[0m[1;37;48;2;10;16;80m─[0m[1;37;48;2;10;16;80m [0m[1;37;48;2;10;16;80mG[0m[1;37;48;2;10;16;80mo[0m[1;37;48;2;10;16;80m [0m[1;37;48;2;10;16;80mt[0m[1;37;48;2;10;16;80mo[0m[1;37;48;2;10;16;80m [0m[1;37;48;2;10;16;80mw[0m[1;37;48;2;10;16;80mo[0m[1;37;48;2;10;16;80mr[0m[1;37;48;2;10;16;80mk[0m[1;37;48;2;10;16;80m [0m[1;37;48;2;10;16;80m─[0m[1;37;48;2;10;16;80m─[0m[1;37;48;2;10;16;80m─[0m[1;37;48;2;10;16;80m─[0m[1;37;48;2;10;16;80m─[0m[1;37;48;2;10;16;80m─[0m[1;37;48;2;10;16;80m─[0m[1;37;48;2;10;16;80m─[0m[1;37;48;2;10;16;80m─[0m[1;37;48;2;10;16;80m─[0m[1;37;48;2;10;16;80m─[0m[1;37;48;2;10;16;80m─[0m[1;37;48;2;10;16;80m─[0m[1;37;48;2;10;16;80m─[0m[1;37;48;2;10;16;80m╮[0m   [1;37;48;2;80;10;24m╭[0m[1;37;48;2;80;10;24m─[0m[1;37;48;2;80;10;24m─[0m[1;37;48;2;80;10;24m─[0m[1;37;48;2;80;10;24m─[0m[1;37;48;2;80;10;24m─[0m[1;37;48;2;80;10;24m─[0m[1;37;48;2;80;10;24m─[0m[1;37;48;2;80;10;24m─[0m[1;37;48;2;80;10;24m─[0m[1;37;48;2;80;10;24m [0m[1;37;48;2;80;10;24mG[0m[1;37;48;2;80;10;24mo[0m[1;37;48;2;80;10;24m [0m[1;37;48;2;80;10;24mh[0m[1;37;48;2;80;10;24mo[0m[1;37;48;2;80;10;24mm[0m[1;37;48;2;80;10;24me[0m[1;37;48;2;80;10;24m [0m[1;37;48;2;80;10;24m─[0m[1;37;48;2;80;10;24m─[0m[1;37;48;2;80;10;24m─[0m[1;37;48;2;80;10;24m─[0m[1;37;48;2;80;10;24m─[0m[1;37;48;2;80;10;24m─[0m[1;37;48;2;80;10;24m─[0m[1;37;48;2;80;10;24m─[0m[1;37;48;2;80;10;24m─[0m[1;37;48;2;80;10;24m─[0m[1;37;48;2;80;10;24m─[0m[1;37;48;2;80;10;24m╮[0m   

  [1;37;48;2;10;16;80m╭[0m[1;38;2;240;30;72m◆[0m[1;37;48;2;10;16;80m─[0m[1;37;48;2;10;16;80m─[0m[1;37;48;2;10;16;80m─[0m[1;37;48;2;10;16;80m─[0m[1;37;48;2;10;16;80m─[0m[1;37;48;2;10;16;80m─[0m[1;37;48;2;10;16;80m─[0m[1;37;48;2;10;16;80m─[0m[1;37;48;2;10;16;80m─[0m[1;37;48;2;10;16;80m╮[0m [1;37;48;2;10;16;80m╭[0m[1;38;2;240;30;72m◆[0m[1;37;48;2;10;16;80m─[0m[1;37;48;2;10;16;80m─[0m[1;37;48;2;10;16;80m─[0m[1;37;48;2;10;16;80m─[0m[1;37;48;2;10;16;80m─[0m[1;37;48;2;10;16;80m─[0m[1;37;48;2;10;16;80m─[0m[1;37;48;2;10;16;80m─[0m[1;37;48;2;10;16;80m─[0m[1;37;48;2;10;16;80m─[0m[1;37;48;2;10;16;80m─[0m[1;37;48;2;10;16;80m─[0m[1;37;48;2;10;16;80m╮[0m [1;37;48;2;10;16;80m╭[0m[1;38;2;30;48;240m●[0m[1;38;2;240;30;72m◆[0m[1;37;48;2;10;16;80m─[0m[1;37;48;2;10;16;80m─[0m[1;37;48;2;10;16;80m─[0m[1;37;48;2;10;16;80m─[0m[1;37;48;2;10;16;80m─[0m[1;37;48;2;10;16;80m─[0m[1;37;48;2;10;16;80m─[0m[1;37;48;2;10;16;80m╮[0m    [1;37;48;2;80;10;24m╭[0m[1;38;2;240;30;72m◆[0m[1;37;48;2;80;10;24m─[0m[1;37;48;2;80;10;24m─[0m[1;37;48;2;80;10;24m─[0m[1;37;48;2;80;10;24m─[0m[1;37;48;2;80;10;24m─[0m[1;37;48;2;80;10;24m─[0m[1;37;48;2;80;10;24m─[0m[1;37;48;2;80;10;24m─[0m[1;37;48;2;80;10;24m─[0m[1;37;48;2;80;10;24m─[0m[1;37;48;2;80;10;24m─[0m[1;37;48;2;80;10;24m─[0m[1;37;48;2;80;10;24m─[0m[1;37;48;2;80;10;24m─[0m[1;37;48;2;80;10;24m╮[0m [1;37;48;2;80;10;24m╭[0m[1;38;2;240;30;72m◆[0m[1;37;48;2;80;10;24m─[0m[1;37;48;2;80;10;24m─[0m[1;37;48;2;80;10;24m─[0m[1;37;48;2;80;10;24m─[0m[1;37;48;2;80;10;24m─[0m[1;37;48;2;80;10;24m─[0m[1;37;48;2;80;10;24m─[0m[1;37;48;2;80;10;24m─[0m[1;37;48;2;80;10;24m─[0m[1;37;48;2;80;10;24m╮[0m    
 [2;36m─[0m[1;37;48;2;10;16;80m│[0m [1;37;48;2;10;16;80mM[0m[1;37;48;2;10;16;80ma[0m[1;37;48;2;10;16;80mk[0m[1;37;48;2;10;16;80me[0m [1;37;48;2;10;16;80mt[0m[1;37;48;2;10;16;80me[0m[1;37;48;2;10;16;80ma[0m [1;37;48;2;10;16;80m│[0m[2;36m─[0m[1;37;48;2;10;16;80m│[0m [1;37;48;2;10;16;80mG[0m[1;37;48;2;10;16;80mo[0m [1;37;48;2;10;16;80mu[0m[1;37;48;2;10;16;80mp[0m[1;37;48;2;10;16;80ms[0m[1;37;48;2;10;16;80mt[0m[1;37;48;2;10;16;80ma[0m[1;37;48;2;10;16;80mi[0m[1;37;48;2;10;16;80mr[0m[1;37;48;2;10;16;80ms[0m [1;37;48;2;10;16;80m│[0m[2;36m─[0m[1;37;48;2;10;16;80m│[0m [1;37;48;2;10;16;80mD[0m[1;37;48;2;10;16;80mo[0m [1;37;48;2;10;16;80mw[0m[1;37;48;2;10;16;80mo[0m[1;37;48;2;10;16;80mr[0m[1;37;48;2;10;16;80mk[0m [1;37;48;2;10;16;80m│[0m[2;36m─[0m[2;36m─[0m[2;36m─[0m[2;36m─[0m[1;37;48;2;80;10;24m│[0m [1;37;48;2;80;10;24mG[0m[1;37;48;2;80;10;24mo[0m [1;37;48;2;80;10;24md[0m[1;37;48;2;80;10;24mo[0m[1;37;48;2;80;10;24mw[0m[1;37;48;2;80;10;24mn[0m[1;37;48;2;80;10;24ms[0m[1;37;48;2;80;10;24mt[0m[1;37;48;2;80;10;24ma[0m[1;37;48;2;80;10;24mi[0m[1;37;48;2;80;10;24mr[0m[1;37;48;2;80;10;24ms[0m [1;37;48;2;80;10;24m│[0m[2;36m─[0m[1;37;48;2;80;10;24m│[0m [1;37;48;2;80;10;24mS[0m[1;37;48;2;80;10;24mi[0m[1;37;48;2;80;10;24mt[0m [1;37;48;2;80;10;24md[0m[1;37;48;2;80;10;24mo[0m[1;37;48;2;80;10;24mw[0m[1;37;48;2;80;10;24mn[0m 
[1;37;48;2;80;10;24m│[0m[2;36m─[0m[2;36m─[0m[2;36m─[0m[2;36m─[0m[2;36m►[0m 
  [1;37;48;2;10;16;80m╰[0m[1;37;48;2;10;16;80m─[0m[1;37;48;2;10;16;80m─[0m[1;37;48;2;10;16;80m─[0m[1;37;48;2;10;16;80m─[0m[1;37;48;2;10;16;80m─[0m[1;37;48;2;10;16;80m─[0m[1;37;48;2;10;16;80m─[0m[1;37;48;2;10;16;80m─[0m[1;37;48;2;10;16;80m─[0m[1;37;48;2;10;16;80m─[0m[1;37;48;2;10;16;80m╯[0m [1;37;48;2;10;16;80m╰[0m[1;37;48;2;10;16;80m─[0m[1;37;48;2;10;16;80m─[0m[1;37;48;2;10;16;80m─[0m[1;37;48;2;10;16;80m─[0m[1;37;48;2;10;16;80m─[0m[1;37;48;2;10;16;80m─[0m[1;37;48;2;10;16;80m─[0m[1;37;48;2;10;16;80m─[0m[1;37;48;2;10;16;80m─[0m[1;37;48;2;10;16;80m─[0m[1;37;48;2;10;16;80m─[0m[1;37;48;2;10;16;80m─[0m[1;37;48;2;10;16;80m─[0m[1;37;48;2;10;16;80m╯[0m [1;37;48;2;10;16;80m╰[0m[1;37;48;2;10;16;80m─[0m[1;37;48;2;10;16;80m─[0m[1;37;48;2;10;16;80m─[0m[1;37;48;2;10;16;80m─[0m[1;37;48;2;10;16;80m─[0m[1;37;48;2;10;16;80m─[0m[1;37;48;2;10;16;80m─[0m[1;37;48;2;10;16;80m─[0m[1;37;48;2;10;16;80m─[0m[1;37;48;2;10;16;80m╯[0m    [1;37;48;2;80;10;24m╰[0m[1;37;48;2;80;10;24m─[0m[1;37;48;2;80;10;24m─[0m[1;37;48;2;80;10;24m─[0m[1;37;48;2;80;10;24m─[0m[1;37;48;2;80;10;24m─[0m[1;37;48;2;80;10;24m─[0m[1;37;48;2;80;10;24m─[0m[1;37;48;2;80;10;24m─[0m[1;37;48;2;80;10;24m─[0m[1;37;48;2;80;10;24m─[0m[1;37;48;2;80;10;24m─[0m[1;37;48;2;80;10;24m─[0m[1;37;48;2;80;10;24m─[0m[1;37;48;2;80;10;24m─[0m[1;37;48;2;80;10;24m─[0m[1;37;48;2;80;10;24m╯[0m [1;37;48;2;80;10;24m╰[0m[1;37;48;2;80;10;24m─[0m[1;37;48;2;80;10;24m─[0m[1;37;48;2;80;10;24m─[0m[1;37;48;2;80;10;24m─[0m[1;37;48;2;80;10;24m─[0m[1;37;48;2;80;10;24m─[0m[1;37;48;2;80;10;24m─[0m[1;37;48;2;80;10;24m─[0m[1;37;48;2;80;10;24m─[0m[1;37;48;2;80;10;24m─[0m[1;37;48;2;80;10;24m╯[0m    
       [3;36m😄[0m[3;36m [0m           😐[3;36m [0m[3;36m [0m          😞 [3;36m [0m[3;36m [0m             😄  [3;36m [0m[3;36m [0m          😄
