[1;37;48;2;10;16;80m╭[0m[1;37;48;2;10;16;80m─[0m[1;37;48;2;10;16;80m─[0m[1;37;48;2;10;16;80m─[0m[1;37;48;2;10;16;80m─[0m[1;37;48;2;10;16;80m─[0m[1;37;48;2;10;16;80m─[0m[1;37;48;2;10;16;80m─[0m[1;37;48;2;10;16;80m─[0m[1;37;48;2;10;16;80m─[0m[1;37;48;2;10;16;80m─[0m[1;37;48;2;10;16;80m─[0m[1;37;48;2;10;16;80m─[0m[1;37;48;2;10;16;80m─[0m[1;37;48;2;10;16;80m─[0m[1;37;48;2;10;16;80m─[0m[1;37;48;2;10;16;80m─[0m[1;37;48;2;10;16;80m─[0m[1;37;48;2;10;16;80m─[0m[1;37;48;2;10;16;80m─[0m[1;37;48;2;10;16;80m─[0m[1;37;48;2;10;16;80m─[0m[1;37;48;2;10;16;80m─[0m[1;37;48;2;10;16;80m─[0m[1;37;48;2;10;16;80m─[0m[1;37;48;2;10;16;80m─[0m[1;37;48;2;10;16;80m─[0m[1;37;48;2;10;16;80m╮[0m [1;37;48;2;80;10;24m╭[0m[1;37;48;2;80;10;24m─[0m[1;37;48;2;80;10;24m─[0m[1;37;48;2;80;10;24m─[0m[1;37;48;2;80;10;24m─[0m[1;37;48;2;80;10;24m─[0m[1;37;48;2;80;10;24m─[0m[1;37;48;2;80;10;24m─[0m[1;37;48;2;80;10;24m─[0m[1;37;48;2;80;10;24m─[0m[1;37;48;2;80;10;24m─[0m[1;37;48;2;80;10;24m─[0m[1;37;48;2;80;10;24m─[0m[1;37;48;2;80;10;24m─[0m[1;37;48;2;80;10;24m─[0m[1;37;48;2;80;10;24m─[0m[1;37;48;2;80;10;24m─[0m[1;37;48;2;80;10;24m─[0m[1;37;48;2;80;10;24m─[0m[1;37;48;2;80;10;24m─[0m[1;37;48;2;80;10;24m─[0m[1;37;48;2;80;10;24m─[0m[1;37;48;2;80;10;24m─[0m[1;37;48;2;80;10;24m╮[0m [1;37;48;2;10;80;10m╭[0m[1;37;48;2;10;80;10m─[0m[1;37;48;2;10;80;10m─[0m[1;37;48;2;10;80;10m─[0m[1;37;48;2;10;80;10m─[0m[1;37;48;2;10;80;10m─[0m[1;37;48;2;10;80;10m─[0m[1;37;48;2;10;80;10m─[0m[1;37;48;2;10;80;10m─[0m[1;37;48;2;10;80;10m─[0m[1;37;48;2;10;80;10m─[0m[1;37;48;2;10;80;10m─[0m[1;37;48;2;10;80;10m─[0m[1;37;48;2;10;80;10m─[0m[1;37;48;2;10;80;10m─[0m[1;37;48;2;10;80;10m─[0m[1;37;48;2;10;80;10m─[0m[1;37;48;2;10;80;10m─[0m[1;37;48;2;10;80;10m╮[0m 
[1;37;48;2;10;16;80m│[0m[1;37;48;2;10;16;80m [0m[1;37;48;2;10;16;80m [0m[1;37;48;2;10;16;80m [0m[1;37;48;2;10;16;80m [0m[1;37;48;2;10;16;80m [0m[1;37;48;2;10;16;80m [0m[1;37;48;2;10;16;80m [0m[1;37;48;2;10;16;80m [0m[1;37;48;2;10;16;80m [0m[1;37;48;2;10;16;80m [0m[1;37;48;2;10;16;80m [0m[1;37;48;2;10;16;80mT[0m[1;37;48;2;10;16;80mo[0m[1;37;48;2;10;16;80md[0m[1;37;48;2;10;16;80mo[0m[1;37;48;2;10;16;80m [0m[1;37;48;2;10;16;80m [0m[1;37;48;2;10;16;80m [0m[1;37;48;2;10;16;80m [0m[1;37;48;2;10;16;80m [0m[1;37;48;2;10;16;80m [0m[1;37;48;2;10;16;80m [0m[1;37;48;2;10;16;80m [0m[1;37;48;2;10;16;80m [0m[1;37;48;2;10;16;80m [0m[1;37;48;2;10;16;80m [0m[1;37;48;2;10;16;80m│[0m [1;37;48;2;80;10;24m│[0m[1;37;48;2;80;10;24m [0m[1;37;48;2;80;10;24m [0m[1;37;48;2;80;10;24m [0m[1;37;48;2;80;10;24m [0m[1;37;48;2;80;10;24m [0m[1;37;48;2;80;10;24mI[0m[1;37;48;2;80;10;24mn[0m[1;37;48;2;80;10;24m [0m[1;37;48;2;80;10;24mP[0m[1;37;48;2;80;10;24mr[0m[1;37;48;2;80;10;24mo[0m[1;37;48;2;80;10;24mg[0m[1;37;48;2;80;10;24mr[0m[1;37;48;2;80;10;24me[0m[1;37;48;2;80;10;24ms[0m[1;37;48;2;80;10;24ms[0m[1;37;48;2;80;10;24m [0m[1;37;48;2;80;10;24m [0m[1;37;48;2;80;10;24m [0m[1;37;48;2;80;10;24m [0m[1;37;48;2;80;10;24m [0m[1;37;48;2;80;10;24m [0m[1;37;48;2;80;10;24m│[0m [1;37;48;2;10;80;10m│[0m[1;37;48;2;10;80;10m [0m[1;37;48;2;10;80;10m [0m[1;37;48;2;10;80;10m [0m[1;37;48;2;10;80;10m [0m[1;37;48;2;10;80;10m [0m[1;37;48;2;10;80;10m [0m[1;37;48;2;10;80;10mD[0m[1;37;48;2;10;80;10mo[0m[1;37;48;2;10;80;10mn[0m[1;37;48;2;10;80;10me[0m[1;37;48;2;10;80;10m [0m[1;37;48;2;10;80;10m [0m[1;37;48;2;10;80;10m [0m[1;37;48;2;10;80;10m [0m[1;37;48;2;10;80;10m [0m[1;37;48;2;10;80;10m [0m[1;37;48;2;10;80;10m [0m[1;37;48;2;10;80;10m│[0m 
[1;37;48;2;10;16;80m│[0m[1;37;48;2;10;16;80m─[0m[1;37;48;2;10;16;80m─[0m[1;37;48;2;10;16;80m─[0m[1;37;48;2;10;16;80m─[0m[1;37;48;2;10;16;80m─[0m[1;37;48;2;10;16;80m─[0m[1;37;48;2;10;16;80m─[0m[1;37;48;2;10;16;80m─[0m[1;37;48;2;10;16;80m─[0m[1;37;48;2;10;16;80m─[0m[1;37;48;2;10;16;80m─[0m[1;37;48;2;10;16;80m─[0m[1;37;48;2;10;16;80m─[0m[1;37;48;2;10;16;80m─[0m[1;37;48;2;10;16;80m─[0m[1;37;48;2;10;16;80m─[0m[1;37;48;2;10;16;80m─[0m[1;37;48;2;10;16;80m─[0m[1;37;48;2;10;16;80m─[0m[1;37;48;2;10;16;80m─[0m[1;37;48;2;10;16;80m─[0m[1;37;48;2;10;16;80m─[0m[1;37;48;2;10;16;80m─[0m[1;37;48;2;10;16;80m─[0m[1;37;48;2;10;16;80m─[0m[1;37;48;2;10;16;80m─[0m[1;37;48;2;10;16;80m│[0m [1;37;48;2;80;10;24m│[0m[1;37;48;2;80;10;24m─[0m[1;37;48;2;80;10;24m─[0m[1;37;48;2;80;10;24m─[0m[1;37;48;2;80;10;24m─[0m[1;37;48;2;80;10;24m─[0m[1;37;48;2;80;10;24m─[0m[1;37;48;2;80;10;24m─[0m[1;37;48;2;80;10;24m─[0m[1;37;48;2;80;10;24m─[0m[1;37;48;2;80;10;24m─[0m[1;37;48;2;80;10;24m─[0m[1;37;48;2;80;10;24m─[0m[1;37;48;2;80;10;24m─[0m[1;37;48;2;80;10;24m─[0m[1;37;48;2;80;10;24m─[0m[1;37;48;2;80;10;24m─[0m[1;37;48;2;80;10;24m─[0m[1;37;48;2;80;10;24m─[0m[1;37;48;2;80;10;24m─[0m[1;37;48;2;80;10;24m─[0m[1;37;48;2;80;10;24m─[0m[1;37;48;2;80;10;24m─[0m[1;37;48;2;80;10;24m│[0m [1;37;48;2;10;80;10m│[0m[1;37;48;2;10;80;10m─[0m[1;37;48;2;10;80;10m─[0m[1;37;48;2;10;80;10m─[0m[1;37;48;2;10;80;10m─[0m[1;37;48;2;10;80;10m─[0m[1;37;48;2;10;80;10m─[0m[1;37;48;2;10;80;10m─[0m[1;37;48;2;10;80;10m─[0m[1;37;48;2;10;80;10m─[0m[1;37;48;2;10;80;10m─[0m[1;37;48;2;10;80;10m─[0m[1;37;48;2;10;80;10m─[0m[1;37;48;2;10;80;10m─[0m[1;37;48;2;10;80;10m─[0m[1;37;48;2;10;80;10m─[0m[1;37;48;2;10;80;10m─[0m[1;37;48;2;10;80;10m─[0m[1;37;48;2;10;80;10m│[0m 
[1;37;48;2;10;16;80m│[0m[1;37;48;2;10;16;80m [0m[1;37;48;2;40;46;110m┌[0m[1;37;48;2;40;46;110m─[0m[1;37;48;2;40;46;110m─[0m[1;37;48;2;40;46;110m─[0m[1;37;48;2;40;46;110m─[0m[1;37;48;2;40;46;110m─[0m[1;37;48;2;40;46;110m─[0m[1;37;48;2;40;46;110m─[0m[1;37;48;2;40;46;110m─[0m[1;37;48;2;40;46;110m─[0m[1;37;48;2;40;46;110m─[0m[1;37;48;2;40;46;110m─[0m[1;37;48;2;40;46;110m─[0m[1;37;48;2;40;46;110m─[0m[1;37;48;2;40;46;110m─[0m[1;37;48;2;40;46;110m─[0m[1;37;48;2;40;46;110m─[0m[1;37;48;2;40;46;110m─[0m[1;37;48;2;40;46;110m─[0m[1;37;48;2;40;46;110m─[0m[1;37;48;2;40;46;110m─[0m[1;37;48;2;40;46;110m─[0m[1;37;48;2;40;46;110m─[0m[1;37;48;2;40;46;110m┐[0m[1;37;48;2;10;16;80m [0m[1;37;48;2;10;16;80m│[0m [1;37;48;2;80;10;24m│[0m[1;37;48;2;80;10;24m [0m[1;37;48;2;110;40;54m┌[0m[1;37;48;2;110;40;54m─[0m[1;37;48;2;110;40;54m─[0m[1;37;48;2;110;40;54m─[0m[1;37;48;2;110;40;54m─[0m[1;37;48;2;110;40;54m─[0m[1;37;48;2;110;40;54m─[0m[1;37;48;2;110;40;54m─[0m[1;37;48;2;110;40;54m─[0m[1;37;48;2;110;40;54m─[0m[1;37;48;2;110;40;54m─[0m[1;37;48;2;110;40;54m─[0m[1;37;48;2;110;40;54m─[0m[1;37;48;2;110;40;54m─[0m[1;37;48;2;110;40;54m─[0m[1;37;48;2;110;40;54m─[0m[1;37;48;2;110;40;54m─[0m[1;37;48;2;110;40;54m─[0m[1;37;48;2;110;40;54m─[0m[1;37;48;2;110;40;54m┐[0m[1;37;48;2;80;10;24m [0m[1;37;48;2;80;10;24m│[0m [1;37;48;2;10;80;10m│[0m[1;37;48;2;10;80;10m [0m[1;37;48;2;40;110;40m┌[0m[1;37;48;2;40;110;40m─[0m[1;37;48;2;40;110;40m─[0m[1;37;48;2;40;110;40m─[0m[1;37;48;2;40;110;40m─[0m[1;37;48;2;40;110;40m─[0m[1;37;48;2;40;110;40m─[0m[1;37;48;2;40;110;40m─[0m[1;37;48;2;40;110;40m─[0m[1;37;48;2;40;110;40m─[0m[1;37;48;2;40;110;40m─[0m[1;37;48;2;40;110;40m─[0m[1;37;48;2;40;110;40m─[0m[1;37;48;2;40;110;40m─[0m[1;37;48;2;40;110;40m┐[0m[1;37;48;2;10;80;10m [0m[1;37;48;2;10;80;10m│[0m 
[1;37;48;2;10;16;80m│[0m[1;37;48;2;10;16;80m [0m[1;37;48;2;40;46;110m│[0m[1;37;48;2;40;46;110mD[0m[1;37;48;2;40;46;110me[0m[1;37;48;2;40;46;110ms[0m[1;37;48;2;40;46;110mi[0m[1;37;48;2;40;46;110mg[0m[1;37;48;2;40;46;110mn[0m[1;37;48;2;40;46;110m [0m[1;37;48;2;40;46;110mt[0m[1;37;48;2;40;46;110mh[0m[1;37;48;2;40;46;110me[0m[1;37;48;2;40;46;110m [0m[1;37;48;2;40;46;110mh[0m[1;37;48;2;40;46;110mo[0m[1;37;48;2;40;46;110mm[0m[1;37;48;2;40;46;110me[0m[1;37;48;2;40;46;110mp[0m[1;37;48;2;40;46;110ma[0m[1;37;48;2;40;46;110mg[0m[1;37;48;2;40;46;110me[0m[1;37;48;2;40;46;110m [0m[1;37;48;2;40;46;110m [0m[1;37;48;2;40;46;110m [0m[1;37;48;2;40;46;110m│[0m[1;37;48;2;10;16;80m [0m[1;37;48;2;10;16;80m│[0m [1;37;48;2;80;10;24m│[0m[1;37;48;2;80;10;24m [0m[1;37;48;2;110;40;54m│[0m[1;37;48;2;110;40;54mA[0m[1;37;48;2;110;40;54mP[0m[1;37;48;2;110;40;54mI[0m[1;37;48;2;110;40;54m [0m[1;37;48;2;110;40;54mi[0m[1;37;48;2;110;40;54mn[0m[1;37;48;2;110;40;54mt[0m[1;37;48;2;110;40;54me[0m[1;37;48;2;110;40;54mg[0m[1;37;48;2;110;40;54mr[0m[1;37;48;2;110;40;54ma[0m[1;37;48;2;110;40;54mt[0m[1;37;48;2;110;40;54mi[0m[1;37;48;2;110;40;54mo[0m[1;37;48;2;110;40;54mn[0m[1;37;48;2;110;40;54m [0m[1;37;48;2;110;40;54m@[0m[1;37;48;2;110;40;54m.[0m[1;37;48;2;110;40;54m│[0m[1;37;48;2;80;10;24m [0m[1;37;48;2;80;10;24m│[0m [1;37;48;2;10;80;10m│[0m[1;37;48;2;10;80;10m [0m[1;37;48;2;40;110;40m│[0m[1;37;48;2;40;110;40mD[0m[1;37;48;2;40;110;40ma[0m[1;37;48;2;40;110;40mt[0m[1;37;48;2;40;110;40ma[0m[1;37;48;2;40;110;40mb[0m[1;37;48;2;40;110;40ma[0m[1;37;48;2;40;110;40ms[0m[1;37;48;2;40;110;40me[0m[1;37;48;2;40;110;40m [0m[1;37;48;2;40;110;40ms[0m[1;37;48;2;40;110;40me[0m[1;37;48;2;40;110;40mt[0m[1;37;48;2;40;110;40m.[0m[1;37;48;2;40;110;40m│[0m[1;37;48;2;10;80;10m [0m[1;37;48;2;10;80;10m│[0m 
[1;37;48;2;10;16;80m│[0m[1;37;48;2;10;16;80m [0m[1;37;48;2;40;46;110m└[0m[1;37;48;2;40;46;110m─[0m[1;37;48;2;40;46;110m─[0m[1;37;48;2;40;46;110m─[0m[1;37;48;2;40;46;110m─[0m[1;37;48;2;40;46;110m─[0m[1;37;48;2;40;46;110m─[0m[1;37;48;2;40;46;110m─[0m[1;37;48;2;40;46;110m─[0m[1;37;48;2;40;46;110m─[0m[1;37;48;2;40;46;110m─[0m[1;37;48;2;40;46;110m─[0m[1;37;48;2;40;46;110m─[0m[1;37;48;2;40;46;110m─[0m[1;37;48;2;40;46;110m─[0m[1;37;48;2;40;46;110m─[0m[1;37;48;2;40;46;110m─[0m[1;37;48;2;40;46;110m─[0m[1;37;48;2;40;46;110m─[0m[1;37;48;2;40;46;110m─[0m[1;37;48;2;40;46;110m─[0m[1;37;48;2;40;46;110m─[0m[1;37;48;2;40;46;110m─[0m[1;37;48;2;40;46;110m┘[0m[1;37;48;2;10;16;80m [0m[1;37;48;2;10;16;80m│[0m [1;37;48;2;80;10;24m│[0m[1;37;48;2;80;10;24m [0m[1;37;48;2;110;40;54m└[0m[1;37;48;2;110;40;54m─[0m[1;37;48;2;110;40;54m─[0m[1;37;48;2;110;40;54m─[0m[1;37;48;2;110;40;54m─[0m[1;37;48;2;110;40;54m─[0m[1;37;48;2;110;40;54m─[0m[1;37;48;2;110;40;54m─[0m[1;37;48;2;110;40;54m─[0m[1;37;48;2;110;40;54m─[0m[1;37;48;2;110;40;54m─[0m[1;37;48;2;110;40;54m─[0m[1;37;48;2;110;40;54m─[0m[1;37;48;2;110;40;54m─[0m[1;37;48;2;110;40;54m─[0m[1;37;48;2;110;40;54m─[0m[1;37;48;2;110;40;54m─[0m[1;37;48;2;110;40;54m─[0m[1;37;48;2;110;40;54m─[0m[1;37;48;2;110;40;54m┘[0m[1;37;48;2;80;10;24m [0m[1;37;48;2;80;10;24m│[0m [1;37;48;2;10;80;10m│[0m[1;37;48;2;10;80;10m [0m[1;37;48;2;40;110;40m└[0m[1;37;48;2;40;110;40m─[0m[1;37;48;2;40;110;40m─[0m[1;37;48;2;40;110;40m─[0m[1;37;48;2;40;110;40m─[0m[1;37;48;2;40;110;40m─[0m[1;37;48;2;40;110;40m─[0m[1;37;48;2;40;110;40m─[0m[1;37;48;2;40;110;40m─[0m[1;37;48;2;40;110;40m─[0m[1;37;48;2;40;110;40m─[0m[1;37;48;2;40;110;40m─[0m[1;37;48;2;40;110;40m─[0m[1;37;48;2;40;110;40m─[0m[1;37;48;2;40;110;40m┘[0m[1;37;48;2;10;80;10m [0m[1;37;48;2;10;80;10m│[0m 
[1;37;48;2;10;16;80m│[0m[1;37;48;2;10;16;80m [0m[1;37;48;2;10;16;80m [0m[1;37;48;2;10;16;80m [0m[1;37;48;2;10;16;80m [0m[1;37;48;2;10;16;80m [0m[1;37;48;2;10;16;80m [0m[1;37;48;2;10;16;80m [0m[1;37;48;2;10;16;80m [0m[1;37;48;2;10;16;80m [0m[1;37;48;2;10;16;80m [0m[1;37;48;2;10;16;80m [0m[1;37;48;2;10;16;80m [0m[1;37;48;2;10;16;80m [0m[1;37;48;2;10;16;80m [0m[1;37;48;2;10;16;80m [0m[1;37;48;2;10;16;80m [0m[1;37;48;2;10;16;80m [0m[1;37;48;2;10;16;80m [0m[1;37;48;2;10;16;80m [0m[1;37;48;2;10;16;80m [0m[1;37;48;2;10;16;80m [0m[1;37;48;2;10;16;80m [0m[1;37;48;2;10;16;80m [0m[1;37;48;2;10;16;80m [0m[1;37;48;2;10;16;80m [0m[1;37;48;2;10;16;80m [0m[1;37;48;2;10;16;80m│[0m [1;37;48;2;80;10;24m│[0m[1;37;48;2;80;10;24m [0m[1;37;48;2;80;10;24m [0m[1;37;48;2;80;10;24m [0m[1;37;48;2;80;10;24m [0m[1;37;48;2;80;10;24m [0m[1;37;48;2;80;10;24m [0m[1;37;48;2;80;10;24m [0m[1;37;48;2;80;10;24m [0m[1;37;48;2;80;10;24m [0m[1;37;48;2;80;10;24m [0m[1;37;48;2;80;10;24m [0m[1;37;48;2;80;10;24m [0m[1;37;48;2;80;10;24m [0m[1;37;48;2;80;10;24m [0m[1;37;48;2;80;10;24m [0m[1;37;48;2;80;10;24m [0m[1;37;48;2;80;10;24m [0m[1;37;48;2;80;10;24m [0m[1;37;48;2;80;10;24m [0m[1;37;48;2;80;10;24m [0m[1;37;48;2;80;10;24m [0m[1;37;48;2;80;10;24m [0m[1;37;48;2;80;10;24m│[0m [1;37;48;2;10;80;10m│[0m[1;37;48;2;10;80;10m [0m[1;37;48;2;10;80;10m [0m[1;37;48;2;10;80;10m [0m[1;37;48;2;10;80;10m [0m[1;37;48;2;10;80;10m [0m[1;37;48;2;10;80;10m [0m[1;37;48;2;10;80;10m [0m[1;37;48;2;10;80;10m [0m[1;37;48;2;10;80;10m [0m[1;37;48;2;10;80;10m [0m[1;37;48;2;10;80;10m [0m[1;37;48;2;10;80;10m [0m[1;37;48;2;10;80;10m [0m[1;37;48;2;10;80;10m [0m[1;37;48;2;10;80;10m [0m[1;37;48;2;10;80;10m [0m[1;37;48;2;10;80;10m [0m[1;37;48;2;10;80;10m│[0m 
[1;37;48;2;10;16;80m│[0m[1;37;48;2;10;16;80m [0m[1;37;48;2;40;46;110m┌[0m[1;37;48;2;40;46;110m─[0m[1;37;48;2;40;46;110m─[0m[1;37;48;2;40;46;110m─[0m[1;37;48;2;40;46;110m─[0m[1;37;48;2;40;46;110m─[0m[1;37;48;2;40;46;110m─[0m[1;37;48;2;40;46;110m─[0m[1;37;48;2;40;46;110m─[0m[1;37;48;2;40;46;110m─[0m[1;37;48;2;40;46;110m─[0m[1;37;48;2;40;46;110m─[0m[1;37;48;2;40;46;110m─[0m[1;37;48;2;40;46;110m─[0m[1;37;48;2;40;46;110m─[0m[1;37;48;2;40;46;110m─[0m[1;37;48;2;40;46;110m─[0m[1;37;48;2;40;46;110m─[0m[1;37;48;2;40;46;110m─[0m[1;37;48;2;40;46;110m─[0m[1;37;48;2;40;46;110m─[0m[1;37;48;2;40;46;110m─[0m[1;37;48;2;40;46;110m─[0m[1;37;48;2;40;46;110m┐[0m[1;37;48;2;10;16;80m [0m[1;37;48;2;10;16;80m│[0m [1;37;48;2;80;10;24m│[0m[1;37;48;2;80;10;24m [0m[1;37;48;2;80;10;24m [0m[1;37;48;2;80;10;24m [0m[1;37;48;2;80;10;24m [0m[1;37;48;2;80;10;24m [0m[1;37;48;2;80;10;24m [0m[1;37;48;2;80;10;24m [0m[1;37;48;2;80;10;24m [0m[1;37;48;2;80;10;24m [0m[1;37;48;2;80;10;24m [0m[1;37;48;2;80;10;24m [0m[1;37;48;2;80;10;24m [0m[1;37;48;2;80;10;24m [0m[1;37;48;2;80;10;24m [0m[1;37;48;2;80;10;24m [0m[1;37;48;2;80;10;24m [0m[1;37;48;2;80;10;24m [0m[1;37;48;2;80;10;24m [0m[1;37;48;2;80;10;24m [0m[1;37;48;2;80;10;24m [0m[1;37;48;2;80;10;24m [0m[1;37;48;2;80;10;24m [0m[1;37;48;2;80;10;24m│[0m [1;37;48;2;10;80;10m│[0m[1;37;48;2;10;80;10m [0m[1;37;48;2;40;110;40m┌[0m[1;37;48;2;40;110;40m─[0m[1;37;48;2;40;110;40m─[0m[1;37;48;2;40;110;40m─[0m[1;37;48;2;40;110;40m─[0m[1;37;48;2;40;110;40m─[0m[1;37;48;2;40;110;40m─[0m[1;37;48;2;40;110;40m─[0m[1;37;48;2;40;110;40m─[0m[1;37;48;2;40;110;40m─[0m[1;37;48;2;40;110;40m─[0m[1;37;48;2;40;110;40m─[0m[1;37;48;2;40;110;40m─[0m[1;37;48;2;40;110;40m─[0m[1;37;48;2;40;110;40m┐[0m[1;37;48;2;10;80;10m [0m[1;37;48;2;10;80;10m│[0m 
[1;37;48;2;10;16;80m│[0m[1;37;48;2;10;16;80m [0m[1;37;48;2;40;46;110m│[0m[1;37;48;2;40;46;110mF[0m[1;37;48;2;40;46;110mi[0m[1;37;48;2;40;46;110mx[0m[1;37;48;2;40;46;110m [0m[1;37;48;2;40;46;110mt[0m[1;37;48;2;40;46;110mh[0m[1;37;48;2;40;46;110me[0m[1;37;48;2;40;46;110m [0m[1;37;48;2;40;46;110ml[0m[1;37;48;2;40;46;110mo[0m[1;37;48;2;40;46;110mg[0m[1;37;48;2;40;46;110mi[0m[1;37;48;2;40;46;110mn[0m[1;37;48;2;40;46;110m [0m[1;37;48;2;40;46;110mb[0m[1;37;48;2;40;46;110mu[0m[1;37;48;2;40;46;110mg[0m[1;37;48;2;40;46;110m [0m[1;37;48;2;40;46;110m@[0m[1;37;48;2;40;46;110ma[0m[1;37;48;2;40;46;110ml[0m[1;37;48;2;40;46;110m.[0m[1;37;48;2;40;46;110m│[0m[1;37;48;2;10;16;80m [0m[1;37;48;2;10;16;80m│[0m [1;37;48;2;80;10;24m│[0m[1;37;48;2;80;10;24m [0m[1;37;48;2;80;10;24m [0m[1;37;48;2;80;10;24m [0m[1;37;48;2;80;10;24m [0m[1;37;48;2;80;10;24m [0m[1;37;48;2;80;10;24m [0m[1;37;48;2;80;10;24m [0m[1;37;48;2;80;10;24m [0m[1;37;48;2;80;10;24m [0m[1;37;48;2;80;10;24m [0m[1;37;48;2;80;10;24m [0m[1;37;48;2;80;10;24m [0m[1;37;48;2;80;10;24m [0m[1;37;48;2;80;10;24m [0m[1;37;48;2;80;10;24m [0m[1;37;48;2;80;10;24m [0m[1;37;48;2;80;10;24m [0m[1;37;48;2;80;10;24m [0m[1;37;48;2;80;10;24m [0m[1;37;48;2;80;10;24m [0m[1;37;48;2;80;10;24m [0m[1;37;48;2;80;10;24m [0m[1;37;48;2;80;10;24m│[0m [1;37;48;2;10;80;10m│[0m[1;37;48;2;10;80;10m [0m[1;37;48;2;40;110;40m│[0m[1;37;48;2;40;110;40mD[0m[1;37;48;2;40;110;40me[0m[1;37;48;2;40;110;40mp[0m[1;37;48;2;40;110;40ml[0m[1;37;48;2;40;110;40mo[0m[1;37;48;2;40;110;40my[0m[1;37;48;2;40;110;40m [0m[1;37;48;2;40;110;40mp[0m[1;37;48;2;40;110;40mi[0m[1;37;48;2;40;110;40mp[0m[1;37;48;2;40;110;40me[0m[1;37;48;2;40;110;40ml[0m[1;37;48;2;40;110;40m.[0m[1;37;48;2;40;110;40m│[0m[1;37;48;2;10;80;10m [0m[1;37;48;2;10;80;10m│[0m 
[1;37;48;2;10;16;80m│[0m[1;37;48;2;10;16;80m [0m[1;37;48;2;40;46;110m└[0m[1;37;48;2;40;46;110m─[0m[1;37;48;2;40;46;110m─[0m[1;37;48;2;40;46;110m─[0m[1;37;48;2;40;46;110m─[0m[1;37;48;2;40;46;110m─[0m[1;37;48;2;40;46;110m─[0m[1;37;48;2;40;46;110m─[0m[1;37;48;2;40;46;110m─[0m[1;37;48;2;40;46;110m─[0m[1;37;48;2;40;46;110m─[0m[1;37;48;2;40;46;110m─[0m[1;37;48;2;40;46;110m─[0m[1;37;48;2;40;46;110m─[0m[1;37;48;2;40;46;110m─[0m[1;37;48;2;40;46;110m─[0m[1;37;48;2;40;46;110m─[0m[1;37;48;2;40;46;110m─[0m[1;37;48;2;40;46;110m─[0m[1;37;48;2;40;46;110m─[0m[1;37;48;2;40;46;110m─[0m[1;37;48;2;40;46;110m─[0m[1;37;48;2;40;46;110m─[0m[1;37;48;2;40;46;110m┘[0m[1;37;48;2;10;16;80m [0m[1;37;48;2;10;16;80m│[0m [1;37;48;2;80;10;24m│[0m[1;37;48;2;80;10;24m [0m[1;37;48;2;80;10;24m [0m[1;37;48;2;80;10;24m [0m[1;37;48;2;80;10;24m [0m[1;37;48;2;80;10;24m [0m[1;37;48;2;80;10;24m [0m[1;37;48;2;80;10;24m [0m[1;37;48;2;80;10;24m [0m[1;37;48;2;80;10;24m [0m[1;37;48;2;80;10;24m [0m[1;37;48;2;80;10;24m [0m[1;37;48;2;80;10;24m [0m[1;37;48;2;80;10;24m [0m[1;37;48;2;80;10;24m [0m[1;37;48;2;80;10;24m [0m[1;37;48;2;80;10;24m [0m[1;37;48;2;80;10;24m [0m[1;37;48;2;80;10;24m [0m[1;37;48;2;80;10;24m [0m[1;37;48;2;80;10;24m [0m[1;37;48;2;80;10;24m [0m[1;37;48;2;80;10;24m [0m[1;37;48;2;80;10;24m│[0m [1;37;48;2;10;80;10m│[0m[1;37;48;2;10;80;10m [0m[1;37;48;2;40;110;40m└[0m[1;37;48;2;40;110;40m─[0m[1;37;48;2;40;110;40m─[0m[1;37;48;2;40;110;40m─[0m[1;37;48;2;40;110;40m─[0m[1;37;48;2;40;110;40m─[0m[1;37;48;2;40;110;40m─[0m[1;37;48;2;40;110;40m─[0m[1;37;48;2;40;110;40m─[0m[1;37;48;2;40;110;40m─[0m[1;37;48;2;40;110;40m─[0m[1;37;48;2;40;110;40m─[0m[1;37;48;2;40;110;40m─[0m[1;37;48;2;40;110;40m─[0m[1;37;48;2;40;110;40m┘[0m[1;37;48;2;10;80;10m [0m[1;37;48;2;10;80;10m│[0m 
[1;37;48;2;10;16;80m╰[0m[1;37;48;2;10;16;80m─[0m[1;37;48;2;10;16;80m─[0m[1;37;48;2;10;16;80m─[0m[1;37;48;2;10;16;80m─[0m[1;37;48;2;10;16;80m─[0m[1;37;48;2;10;16;80m─[0m[1;37;48;2;10;16;80m─[0m[1;37;48;2;10;16;80m─[0m[1;37;48;2;10;16;80m─[0m[1;37;48;2;10;16;80m─[0m[1;37;48;2;10;16;80m─[0m[1;37;48;2;10;16;80m─[0m[1;37;48;2;10;16;80m─[0m[1;37;48;2;10;16;80m─[0m[1;37;48;2;10;16;80m─[0m[1;37;48;2;10;16;80m─[0m[1;37;48;2;10;16;80m─[0m[1;37;48;2;10;16;80m─[0m[1;37;48;2;10;16;80m─[0m[1;37;48;2;10;16;80m─[0m[1;37;48;2;10;16;80m─[0m[1;37;48;2;10;16;80m─[0m[1;37;48;2;10;16;80m─[0m[1;37;48;2;10;16;80m─[0m[1;37;48;2;10;16;80m─[0m[1;37;48;2;10;16;80m─[0m[1;37;48;2;10;16;80m╯[0m [1;37;48;2;80;10;24m╰[0m[1;37;48;2;80;10;24m─[0m[1;37;48;2;80;10;24m─[0m[1;37;48;2;80;10;24m─[0m[1;37;48;2;80;10;24m─[0m[1;37;48;2;80;10;24m─[0m[1;37;48;2;80;10;24m─[0m[1;37;48;2;80;10;24m─[0m[1;37;48;2;80;10;24m─[0m[1;37;48;2;80;10;24m─[0m[1;37;48;2;80;10;24m─[0m[1;37;48;2;80;10;24m─[0m[1;37;48;2;80;10;24m─[0m[1;37;48;2;80;10;24m─[0m[1;37;48;2;80;10;24m─[0m[1;37;48;2;80;10;24m─[0m[1;37;48;2;80;10;24m─[0m[1;37;48;2;80;10;24m─[0m[1;37;48;2;80;10;24m─[0m[1;37;48;2;80;10;24m─[0m[1;37;48;2;80;10;24m─[0m[1;37;48;2;80;10;24m─[0m[1;37;48;2;80;10;24m─[0m[1;37;48;2;80;10;24m╯[0m [1;37;48;2;10;80;10m╰[0m[1;37;48;2;10;80;10m─[0m[1;37;48;2;10;80;10m─[0m[1;37;48;2;10;80;10m─[0m[1;37;48;2;10;80;10m─[0m[1;37;48;2;10;80;10m─[0m[1;37;48;2;10;80;10m─[0m[1;37;48;2;10;80;10m─[0m[1;37;48;2;10;80;10m─[0m[1;37;48;2;10;80;10m─[0m[1;37;48;2;10;80;10m─[0m[1;37;48;2;10;80;10m─[0m[1;37;48;2;10;80;10m─[0m[1;37;48;2;10;80;10m─[0m[1;37;48;2;10;80;10m─[0m[1;37;48;2;10;80;10m─[0m[1;37;48;2;10;80;10m─[0m[1;37;48;2;10;80;10m─[0m[1;37;48;2;10;80;10m╯[0m 
