[1;37;48;2;10;16;80m╭[0m[1;37;48;2;10;16;80m─[0m[1;37;48;2;10;16;80m─[0m[1;37;48;2;10;16;80m─[0m[1;37;48;2;10;16;80m─[0m[1;37;48;2;10;16;80m─[0m[1;37;48;2;10;16;80m─[0m[1;37;48;2;10;16;80m─[0m[1;37;48;2;10;16;80m─[0m[1;37;48;2;10;16;80m─[0m[1;37;48;2;10;16;80m─[0m[1;37;48;2;10;16;80m─[0m[1;37;48;2;10;16;80m─[0m[1;37;48;2;10;16;80m─[0m[1;37;48;2;10;16;80m─[0m[1;37;48;2;10;16;80m─[0m[1;37;48;2;10;16;80m─[0m[1;37;48;2;10;16;80m─[0m[1;37;48;2;10;16;80m─[0m[1;37;48;2;10;16;80m─[0m[1;37;48;2;10;16;80m─[0m[1;37;48;2;10;16;80m─[0m[1;37;48;2;10;16;80m─[0m[1;37;48;2;10;16;80m─[0m[1;37;48;2;10;16;80m─[0m[1;37;48;2;10;16;80m╮[0m [1;37;48;2;80;10;24m╭[0m[1;37;48;2;80;10;24m─[0m[1;37;48;2;80;10;24m─[0m[1;37;48;2;80;10;24m─[0m[1;37;48;2;80;10;24m─[0m[1;37;48;2;80;10;24m─[0m[1;37;48;2;80;10;24m─[0m[1;37;48;2;80;10;24m─[0m[1;37;48;2;80;10;24m─[0m[1;37;48;2;80;10;24m─[0m[1;37;48;2;80;10;24m─[0m[1;37;48;2;80;10;24m─[0m[1;37;48;2;80;10;24m─[0m[1;37;48;2;80;10;24m─[0m[1;37;48;2;80;10;24m─[0m[1;37;48;2;80;10;24m─[0m[1;37;48;2;80;10;24m─[0m[1;37;48;2;80;10;24m─[0m[1;37;48;2;80;10;24m╮[0m 
[1;37;48;2;10;16;80m│[0m[1;37;48;2;10;16;80m [0m[1;37;48;2;10;16;80m [0m[1;37;48;2;10;16;80m [0m[1;37;48;2;10;16;80m [0m[1;37;48;2;10;16;80m [0m[1;37;48;2;10;16;80m [0m[1;37;48;2;10;16;80m [0m[1;37;48;2;10;16;80m [0m[1;37;48;2;10;16;80mB[0m[1;37;48;2;10;16;80ma[0m[1;37;48;2;10;16;80mc[0m[1;37;48;2;10;16;80mk[0m[1;37;48;2;10;16;80ml[0m[1;37;48;2;10;16;80mo[0m[1;37;48;2;10;16;80mg[0m[1;37;48;2;10;16;80m [0m[1;37;48;2;10;16;80m [0m[1;37;48;2;10;16;80m [0m[1;37;48;2;10;16;80m [0m[1;37;48;2;10;16;80m [0m[1;37;48;2;10;16;80m [0m[1;37;48;2;10;16;80m [0m[1;37;48;2;10;16;80m [0m[1;37;48;2;10;16;80m [0m[1;37;48;2;10;16;80m│[0m [1;37;48;2;80;10;24m│[0m[1;37;48;2;80;10;24m [0m[1;37;48;2;80;10;24m [0m[1;37;48;2;80;10;24m [0m[1;37;48;2;80;10;24m [0m[1;37;48;2;80;10;24m [0m[1;37;48;2;80;10;24mS[0m[1;37;48;2;80;10;24mh[0m[1;37;48;2;80;10;24mi[0m[1;37;48;2;80;10;24mp[0m[1;37;48;2;80;10;24mp[0m[1;37;48;2;80;10;24me[0m[1;37;48;2;80;10;24md[0m[1;37;48;2;80;10;24m [0m[1;37;48;2;80;10;24m [0m[1;37;48;2;80;10;24m [0m[1;37;48;2;80;10;24m [0m[1;37;48;2;80;10;24m [0m[1;37;48;2;80;10;24m│[0m 
[1;37;48;2;10;16;80m│[0m[1;37;48;2;10;16;80m─[0m[1;37;48;2;10;16;80m─[0m[1;37;48;2;10;16;80m─[0m[1;37;48;2;10;16;80m─[0m[1;37;48;2;10;16;80m─[0m[1;37;48;2;10;16;80m─[0m[1;37;48;2;10;16;80m─[0m[1;37;48;2;10;16;80m─[0m[1;37;48;2;10;16;80m─[0m[1;37;48;2;10;16;80m─[0m[1;37;48;2;10;16;80m─[0m[1;37;48;2;10;16;80m─[0m[1;37;48;2;10;16;80m─[0m[1;37;48;2;10;16;80m─[0m[1;37;48;2;10;16;80m─[0m[1;37;48;2;10;16;80m─[0m[1;37;48;2;10;16;80m─[0m[1;37;48;2;10;16;80m─[0m[1;37;48;2;10;16;80m─[0m[1;37;48;2;10;16;80m─[0m[1;37;48;2;10;16;80m─[0m[1;37;48;2;10;16;80m─[0m[1;37;48;2;10;16;80m─[0m[1;37;48;2;10;16;80m─[0m[1;37;48;2;10;16;80m│[0m [1;37;48;2;80;10;24m│[0m[1;37;48;2;80;10;24m─[0m[1;37;48;2;80;10;24m─[0m[1;37;48;2;80;10;24m─[0m[1;37;48;2;80;10;24m─[0m[1;37;48;2;80;10;24m─[0m[1;37;48;2;80;10;24m─[0m[1;37;48;2;80;10;24m─[0m[1;37;48;2;80;10;24m─[0m[1;37;48;2;80;10;24m─[0m[1;37;48;2;80;10;24m─[0m[1;37;48;2;80;10;24m─[0m[1;37;48;2;80;10;24m─[0m[1;37;48;2;80;10;24m─[0m[1;37;48;2;80;10;24m─[0m[1;37;48;2;80;10;24m─[0m[1;37;48;2;80;10;24m─[0m[1;37;48;2;80;10;24m─[0m[1;37;48;2;80;10;24m│[0m 
[1;37;48;2;10;16;80m│[0m[1;37;48;2;10;16;80m [0m[1;37;48;2;40;46;110m┌[0m[1;37;48;2;40;46;110m─[0m[1;37;48;2;40;46;110m─[0m[1;37;48;2;40;46;110m─[0m[1;37;48;2;40;46;110m─[0m[1;37;48;2;40;46;110m─[0m[1;37;48;2;40;46;110m─[0m[1;37;48;2;40;46;110m─[0m[1;37;48;2;40;46;110m─[0m[1;37;48;2;40;46;110m─[0m[1;37;48;2;40;46;110m─[0m[1;37;48;2;40;46;110m─[0m[1;37;48;2;40;46;110m─[0m[1;37;48;2;40;46;110m─[0m[1;37;48;2;40;46;110m─[0m[1;37;48;2;40;46;110m─[0m[1;37;48;2;40;46;110m─[0m[1;37;48;2;40;46;110m─[0m[1;37;48;2;40;46;110m─[0m[1;37;48;2;40;46;110m─[0m[1;37;48;2;40;46;110m─[0m[1;37;48;2;40;46;110m┐[0m[1;37;48;2;10;16;80m [0m[1;37;48;2;10;16;80m│[0m [1;37;48;2;80;10;24m│[0m[1;37;48;2;80;10;24m [0m[1;37;48;2;110;40;54m┌[0m[1;37;48;2;110;40;54m─[0m[1;37;48;2;110;40;54m─[0m[1;37;48;2;110;40;54m─[0m[1;37;48;2;110;40;54m─[0m[1;37;48;2;110;40;54m─[0m[1;37;48;2;110;40;54m─[0m[1;37;48;2;110;40;54m─[0m[1;37;48;2;110;40;54m─[0m[1;37;48;2;110;40;54m─[0m[1;37;48;2;110;40;54m─[0m[1;37;48;2;110;40;54m─[0m[1;37;48;2;110;40;54m─[0m[1;37;48;2;110;40;54m─[0m[1;37;48;2;110;40;54m┐[0m[1;37;48;2;80;10;24m [0m[1;37;48;2;80;10;24m│[0m 
[1;37;48;2;10;16;80m│[0m[1;37;48;2;10;16;80m [0m[1;37;48;2;40;46;110m│[0m[1;37;48;2;40;46;110mW[0m[1;37;48;2;40;46;110mr[0m[1;37;48;2;40;46;110mi[0m[1;37;48;2;40;46;110mt[0m[1;37;48;2;40;46;110me[0m[1;37;48;2;40;46;110m [0m[1;37;48;2;40;46;110mt[0m[1;37;48;2;40;46;110mh[0m[1;37;48;2;40;46;110me[0m[1;37;48;2;40;46;110m [0m[1;37;48;2;40;46;110ms[0m[1;37;48;2;40;46;110mp[0m[1;37;48;2;40;46;110me[0m[1;37;48;2;40;46;110mc[0m[1;37;48;2;40;46;110m [0m[1;37;48;2;40;46;110m [0m[1;37;48;2;40;46;110m [0m[1;37;48;2;40;46;110m [0m[1;37;48;2;40;46;110m [0m[1;37;48;2;40;46;110m [0m[1;37;48;2;40;46;110m│[0m[1;37;48;2;10;16;80m [0m[1;37;48;2;10;16;80m│[0m [1;37;48;2;80;10;24m│[0m[1;37;48;2;80;10;24m [0m[1;37;48;2;110;40;54m│[0m[1;37;48;2;110;40;54mC[0m[1;37;48;2;110;40;54mu[0m[1;37;48;2;110;40;54mt[0m[1;37;48;2;110;40;54m [0m[1;37;48;2;110;40;54mt[0m[1;37;48;2;110;40;54mh[0m[1;37;48;2;110;40;54me[0m[1;37;48;2;110;40;54m [0m[1;37;48;2;110;40;54mr[0m[1;37;48;2;110;40;54me[0m[1;37;48;2;110;40;54ml[0m[1;37;48;2;110;40;54me[0m[1;37;48;2;110;40;54m.[0m[1;37;48;2;110;40;54m│[0m[1;37;48;2;80;10;24m [0m[1;37;48;2;80;10;24m│[0m 
[1;37;48;2;10;16;80m│[0m[1;37;48;2;10;16;80m [0m[1;37;48;2;40;46;110m└[0m[1;37;48;2;40;46;110m─[0m[1;37;48;2;40;46;110m─[0m[1;37;48;2;40;46;110m─[0m[1;37;48;2;40;46;110m─[0m[1;37;48;2;40;46;110m─[0m[1;37;48;2;40;46;110m─[0m[1;37;48;2;40;46;110m─[0m[1;37;48;2;40;46;110m─[0m[1;37;48;2;40;46;110m─[0m[1;37;48;2;40;46;110m─[0m[1;37;48;2;40;46;110m─[0m[1;37;48;2;40;46;110m─[0m[1;37;48;2;40;46;110m─[0m[1;37;48;2;40;46;110m─[0m[1;37;48;2;40;46;110m─[0m[1;37;48;2;40;46;110m─[0m[1;37;48;2;40;46;110m─[0m[1;37;48;2;40;46;110m─[0m[1;37;48;2;40;46;110m─[0m[1;37;48;2;40;46;110m─[0m[1;37;48;2;40;46;110m┘[0m[1;37;48;2;10;16;80m [0m[1;37;48;2;10;16;80m│[0m [1;37;48;2;80;10;24m│[0m[1;37;48;2;80;10;24m [0m[1;37;48;2;110;40;54m└[0m[1;37;48;2;110;40;54m─[0m[1;37;48;2;110;40;54m─[0m[1;37;48;2;110;40;54m─[0m[1;37;48;2;110;40;54m─[0m[1;37;48;2;110;40;54m─[0m[1;37;48;2;110;40;54m─[0m[1;37;48;2;110;40;54m─[0m[1;37;48;2;110;40;54m─[0m[1;37;48;2;110;40;54m─[0m[1;37;48;2;110;40;54m─[0m[1;37;48;2;110;40;54m─[0m[1;37;48;2;110;40;54m─[0m[1;37;48;2;110;40;54m─[0m[1;37;48;2;110;40;54m┘[0m[1;37;48;2;80;10;24m [0m[1;37;48;2;80;10;24m│[0m 
[1;37;48;2;10;16;80m│[0m[1;37;48;2;10;16;80m [0m[1;37;48;2;10;16;80m [0m[1;37;48;2;10;16;80m [0m[1;37;48;2;10;16;80m [0m[1;37;48;2;10;16;80m [0m[1;37;48;2;10;16;80m [0m[1;37;48;2;10;16;80m [0m[1;37;48;2;10;16;80m [0m[1;37;48;2;10;16;80m [0m[1;37;48;2;10;16;80m [0m[1;37;48;2;10;16;80m [0m[1;37;48;2;10;16;80m [0m[1;37;48;2;10;16;80m [0m[1;37;48;2;10;16;80m [0m[1;37;48;2;10;16;80m [0m[1;37;48;2;10;16;80m [0m[1;37;48;2;10;16;80m [0m[1;37;48;2;10;16;80m [0m[1;37;48;2;10;16;80m [0m[1;37;48;2;10;16;80m [0m[1;37;48;2;10;16;80m [0m[1;37;48;2;10;16;80m [0m[1;37;48;2;10;16;80m [0m[1;37;48;2;10;16;80m [0m[1;37;48;2;10;16;80m│[0m [1;37;48;2;80;10;24m│[0m[1;37;48;2;80;10;24m [0m[1;37;48;2;80;10;24m [0m[1;37;48;2;80;10;24m [0m[1;37;48;2;80;10;24m [0m[1;37;48;2;80;10;24m [0m[1;37;48;2;80;10;24m [0m[1;37;48;2;80;10;24m [0m[1;37;48;2;80;10;24m [0m[1;37;48;2;80;10;24m [0m[1;37;48;2;80;10;24m [0m[1;37;48;2;80;10;24m [0m[1;37;48;2;80;10;24m [0m[1;37;48;2;80;10;24m [0m[1;37;48;2;80;10;24m [0m[1;37;48;2;80;10;24m [0m[1;37;48;2;80;10;24m [0m[1;37;48;2;80;10;24m [0m[1;37;48;2;80;10;24m│[0m 
[1;37;48;2;10;16;80m│[0m[1;37;48;2;10;16;80m [0m[1;37;48;2;40;46;110m┌[0m[1;37;48;2;40;46;110m─[0m[1;37;48;2;40;46;110m─[0m[1;37;48;2;40;46;110m─[0m[1;37;48;2;40;46;110m─[0m[1;37;48;2;40;46;110m─[0m[1;37;48;2;40;46;110m─[0m[1;37;48;2;40;46;110m─[0m[1;37;48;2;40;46;110m─[0m[1;37;48;2;40;46;110m─[0m[1;37;48;2;40;46;110m─[0m[1;37;48;2;40;46;110m─[0m[1;37;48;2;40;46;110m─[0m[1;37;48;2;40;46;110m─[0m[1;37;48;2;40;46;110m─[0m[1;37;48;2;40;46;110m─[0m[1;37;48;2;40;46;110m─[0m[1;37;48;2;40;46;110m─[0m[1;37;48;2;40;46;110m─[0m[1;37;48;2;40;46;110m─[0m[1;37;48;2;40;46;110m─[0m[1;37;48;2;40;46;110m┐[0m[1;37;48;2;10;16;80m [0m[1;37;48;2;10;16;80m│[0m [1;37;48;2;80;10;24m│[0m[1;37;48;2;80;10;24m [0m[1;37;48;2;80;10;24m [0m[1;37;48;2;80;10;24m [0m[1;37;48;2;80;10;24m [0m[1;37;48;2;80;10;24m [0m[1;37;48;2;80;10;24m [0m[1;37;48;2;80;10;24m [0m[1;37;48;2;80;10;24m [0m[1;37;48;2;80;10;24m [0m[1;37;48;2;80;10;24m [0m[1;37;48;2;80;10;24m [0m[1;37;48;2;80;10;24m [0m[1;37;48;2;80;10;24m [0m[1;37;48;2;80;10;24m [0m[1;37;48;2;80;10;24m [0m[1;37;48;2;80;10;24m [0m[1;37;48;2;80;10;24m [0m[1;37;48;2;80;10;24m│[0m 
[1;37;48;2;10;16;80m│[0m[1;37;48;2;10;16;80m [0m[1;37;48;2;40;46;110m│[0m[1;37;48;2;40;46;110mR[0m[1;37;48;2;40;46;110me[0m[1;37;48;2;40;46;110mv[0m[1;37;48;2;40;46;110mi[0m[1;37;48;2;40;46;110me[0m[1;37;48;2;40;46;110mw[0m[1;37;48;2;40;46;110m [0m[1;37;48;2;40;46;110mt[0m[1;37;48;2;40;46;110mh[0m[1;37;48;2;40;46;110me[0m[1;37;48;2;40;46;110m [0m[1;37;48;2;40;46;110ms[0m[1;37;48;2;40;46;110mp[0m[1;37;48;2;40;46;110me[0m[1;37;48;2;40;46;110mc[0m[1;37;48;2;40;46;110m [0m[1;37;48;2;40;46;110m@[0m[1;37;48;2;40;46;110mc[0m[1;37;48;2;40;46;110ma[0m[1;37;48;2;40;46;110m.[0m[1;37;48;2;40;46;110m│[0m[1;37;48;2;10;16;80m [0m[1;37;48;2;10;16;80m│[0m [1;37;48;2;80;10;24m│[0m[1;37;48;2;80;10;24m [0m[1;37;48;2;80;10;24m [0m[1;37;48;2;80;10;24m [0m[1;37;48;2;80;10;24m [0m[1;37;48;2;80;10;24m [0m[1;37;48;2;80;10;24m [0m[1;37;48;2;80;10;24m [0m[1;37;48;2;80;10;24m [0m[1;37;48;2;80;10;24m [0m[1;37;48;2;80;10;24m [0m[1;37;48;2;80;10;24m [0m[1;37;48;2;80;10;24m [0m[1;37;48;2;80;10;24m [0m[1;37;48;2;80;10;24m [0m[1;37;48;2;80;10;24m [0m[1;37;48;2;80;10;24m [0m[1;37;48;2;80;10;24m [0m[1;37;48;2;80;10;24m│[0m 
[1;37;48;2;10;16;80m│[0m[1;37;48;2;10;16;80m [0m[1;37;48;2;40;46;110m└[0m[1;37;48;2;40;46;110m─[0m[1;37;48;2;40;46;110m─[0m[1;37;48;2;40;46;110m─[0m[1;37;48;2;40;46;110m─[0m[1;37;48;2;40;46;110m─[0m[1;37;48;2;40;46;110m─[0m[1;37;48;2;40;46;110m─[0m[1;37;48;2;40;46;110m─[0m[1;37;48;2;40;46;110m─[0m[1;37;48;2;40;46;110m─[0m[1;37;48;2;40;46;110m─[0m[1;37;48;2;40;46;110m─[0m[1;37;48;2;40;46;110m─[0m[1;37;48;2;40;46;110m─[0m[1;37;48;2;40;46;110m─[0m[1;37;48;2;40;46;110m─[0m[1;37;48;2;40;46;110m─[0m[1;37;48;2;40;46;110m─[0m[1;37;48;2;40;46;110m─[0m[1;37;48;2;40;46;110m─[0m[1;37;48;2;40;46;110m┘[0m[1;37;48;2;10;16;80m [0m[1;37;48;2;10;16;80m│[0m [1;37;48;2;80;10;24m│[0m[1;37;48;2;80;10;24m [0m[1;37;48;2;80;10;24m [0m[1;37;48;2;80;10;24m [0m[1;37;48;2;80;10;24m [0m[1;37;48;2;80;10;24m [0m[1;37;48;2;80;10;24m [0m[1;37;48;2;80;10;24m [0m[1;37;48;2;80;10;24m [0m[1;37;48;2;80;10;24m [0m[1;37;48;2;80;10;24m [0m[1;37;48;2;80;10;24m [0m[1;37;48;2;80;10;24m [0m[1;37;48;2;80;10;24m [0m[1;37;48;2;80;10;24m [0m[1;37;48;2;80;10;24m [0m[1;37;48;2;80;10;24m [0m[1;37;48;2;80;10;24m [0m[1;37;48;2;80;10;24m│[0m 
[1;37;48;2;10;16;80m╰[0m[1;37;48;2;10;16;80m─[0m[1;37;48;2;10;16;80m─[0m[1;37;48;2;10;16;80m─[0m[1;37;48;2;10;16;80m─[0m[1;37;48;2;10;16;80m─[0m[1;37;48;2;10;16;80m─[0m[1;37;48;2;10;16;80m─[0m[1;37;48;2;10;16;80m─[0m[1;37;48;2;10;16;80m─[0m[1;37;48;2;10;16;80m─[0m[1;37;48;2;10;16;80m─[0m[1;37;48;2;10;16;80m─[0m[1;37;48;2;10;16;80m─[0m[1;37;48;2;10;16;80m─[0m[1;37;48;2;10;16;80m─[0m[1;37;48;2;10;16;80m─[0m[1;37;48;2;10;16;80m─[0m[1;37;48;2;10;16;80m─[0m[1;37;48;2;10;16;80m─[0m[1;37;48;2;10;16;80m─[0m[1;37;48;2;10;16;80m─[0m[1;37;48;2;10;16;80m─[0m[1;37;48;2;10;16;80m─[0m[1;37;48;2;10;16;80m─[0m[1;37;48;2;10;16;80m╯[0m [1;37;48;2;80;10;24m╰[0m[1;37;48;2;80;10;24m─[0m[1;37;48;2;80;10;24m─[0m[1;37;48;2;80;10;24m─[0m[1;37;48;2;80;10;24m─[0m[1;37;48;2;80;10;24m─[0m[1;37;48;2;80;10;24m─[0m[1;37;48;2;80;10;24m─[0m[1;37;48;2;80;10;24m─[0m[1;37;48;2;80;10;24m─[0m[1;37;48;2;80;10;24m─[0m[1;37;48;2;80;10;24m─[0m[1;37;48;2;80;10;24m─[0m[1;37;48;2;80;10;24m─[0m[1;37;48;2;80;10;24m─[0m[1;37;48;2;80;10;24m─[0m[1;37;48;2;80;10;24m─[0m[1;37;48;2;80;10;24m─[0m[1;37;48;2;80;10;24m╯[0m 
